7.325402676362268627e+06 4.324466590703129768e+06 2.999598722655940801e+06 2.350724287205179222e+06 1.953646284425685648e+06 1.687761268421125133e+06 1.493101426629412686e+06 1.341850780993425986e+06 1.222581497599043185e+06 1.136978282052038936e+06 1.069138221823686734e+06 1.013219659136888105e+06
1.572847077254507225e+06 1.157746710120347794e+06 9.165977095999475569e+05 7.634090048114060191e+05 6.567336239640273852e+05 5.780520709732964169e+05 5.163284749592264998e+05 4.658675463466192596e+05 4.244761539211582858e+05 3.934940397208097274e+05 3.684011082969105337e+05 3.479212319751534378e+05
6.715596275973572629e+05 5.008646637482469669e+05 3.996202289358066628e+05 3.341480623345378553e+05 2.873730747674625600e+05 2.519325326757752628e+05 2.238770972112448362e+05 2.007872396688125446e+05 1.817627828211418528e+05 1.674446564372549183e+05 1.558647762596396497e+05 1.462402298744488216e+05
3.346755621925200685e+05 2.440958382694650500e+05 1.921464776571203838e+05 1.588998942199345329e+05 1.350416680705990584e+05 1.170741319269705418e+05 1.029955476316687855e+05 9.153932260495737137e+04 8.222487902304934687e+04 7.532744230593286920e+04 6.981196560076696915e+04 6.528473375999637938e+04
1.779457923070752004e+05 1.238631051287756854e+05 9.500096745992172509e+04 7.721701037327175436e+04 6.484355067219158082e+04 5.578983545595845499e+04 4.891611202701363800e+04 4.351612929505079956e+04 3.930471955812160741e+04 3.634706584771639609e+04 3.410428469843848143e+04 3.235540404466419204e+04
1.009562031570502295e+05 6.656679592723277165e+04 5.014163770169877534e+04 4.081462669782141893e+04 3.478860239966795052e+04 3.071181200320452626e+04 2.789695357218078061e+04 2.593970289991531172e+04 2.465339487066251240e+04 2.397311707074900914e+04 2.363029708956709510e+04 2.349967675829206564e+04
6.610423558922363736e+04 4.272936141234701790e+04 3.318351149515396537e+04 2.853910870633520244e+04 2.604332624133567515e+04 2.475257095484613819e+04 2.422029908407286348e+04 2.420688725329717636e+04 2.457628892356043434e+04 2.518970237134126364e+04 2.592980229071303984e+04 2.672269765042546715e+04
5.273436562026503088e+04 3.519315155197653075e+04 2.924981906659380911e+04 2.705294552523302264e+04 2.640487603029410093e+04 2.657683660864178455e+04 2.724601447624237335e+04 2.825800347444532963e+04 2.950203587426658487e+04 3.079648756601038986e+04 3.210471290930874602e+04 3.338130381425682572e+04
4.670342710231329693e+04 3.340114642353595264e+04 3.004589433612109497e+04 2.960165173208877968e+04 3.027644106874012869e+04 3.149702450545762986e+04 3.302856806906154816e+04 3.477726667394024844e+04 3.664989247240860277e+04 3.843296990810411808e+04 4.014827911606612179e+04 4.177117890977364004e+04
4.508114157916021213e+04 3.498974976109980344e+04 3.357132874966504460e+04 3.443293780296020122e+04 3.609215204270157847e+04 3.809337468245846685e+04 4.026719778151773789e+04 4.256473807702058548e+04 4.490551158117280283e+04 4.705157039754641301e+04 4.906870504627111222e+04 5.094803991754185699e+04
4.618613834286822384e+04 3.860658630065719626e+04 3.868494350009546906e+04 4.055069387210327113e+04 4.296548154927898577e+04 4.556571249734512821e+04 4.823235050898757618e+04 5.095092391185836459e+04 5.365055438597611646e+04 5.607400081551627227e+04 5.832124661144498532e+04 6.039576495633504237e+04
4.901688735098573670e+04 4.345646725848878123e+04 4.472416391161366482e+04 4.738378283578075934e+04 5.039465625636951154e+04 5.346717999407713069e+04 5.652224123696493189e+04 5.957249226064201503e+04 6.255452530959111027e+04 6.519552988653788634e+04 6.762278541499310813e+04 6.984970895980892237e+04
