1.036571232536465675e+07 6.737681209891974926e+06 4.738302929133924656e+06 3.707680829405141063e+06 3.096716824466853403e+06 2.680225065056567080e+06 2.374446424707138911e+06 2.139615713264186401e+06 1.955755054352624575e+06 1.805187788473603316e+06 1.679195422636523377e+06 1.571344335627238732e+06
2.854415136298132129e+06 2.306710519732508808e+06 1.921957427420531865e+06 1.645865994298303965e+06 1.449049255215921206e+06 1.295781211963100359e+06 1.172970231055549579e+06 1.072423292828571284e+06 9.895673351316159824e+05 9.192663887497622054e+05 8.587792808363303775e+05 8.057901605291033629e+05
1.469302389730254654e+06 1.209780029857913963e+06 1.024899573836812982e+06 8.888915094826293644e+05 7.891041823809853522e+05 7.102838421778291231e+05 6.458847519162293756e+05 5.924901249521869468e+05 5.488291273039298831e+05 5.111645152843460673e+05 4.782869392813484883e+05 4.491254911460091826e+05
8.737966972436809447e+05 7.251576550038231071e+05 6.164796056565621402e+05 5.366402765889521688e+05 4.778912617701437557e+05 4.312198800963356043e+05 3.927886316786483512e+05 3.605190828868348035e+05 3.331982817742361804e+05 3.095856118642712827e+05 2.890383633708474226e+05 2.708425355202295468e+05
5.586045788483538199e+05 4.619260070955312694e+05 3.921241716195262270e+05 3.411652816470338730e+05 3.028421827691020444e+05 2.724000340457571438e+05 2.474105458565848239e+05 2.265029652499034710e+05 2.087776391755994991e+05 1.934924410323214543e+05 1.801969288468327723e+05 1.683877158012165164e+05
3.720863774850208429e+05 3.042980426066375803e+05 2.564976080330119876e+05 2.218140331188022101e+05 1.959744469747705443e+05 1.755735593576748215e+05 1.588359039295612893e+05 1.448251589565096947e+05 1.329657931559057033e+05 1.227486965960361122e+05 1.138527915611524222e+05 1.059865066047757427e+05
2.533170646031632787e+05 2.035230904673788464e+05 1.695654859166647075e+05 1.453649731197757937e+05 1.275275443926732551e+05 1.135492550971876044e+05 1.021839582208527718e+05 9.274936251915460161e+04 8.482372200172158773e+04 7.804744780887215165e+04 7.219068357638774614e+04 6.705413267708067724e+04
1.763716146121130150e+05 1.385293832429414324e+05 1.137306195553674916e+05 9.649372982391988626e+04 8.403657491525172372e+04 7.441852565545965626e+04 6.670492898581549525e+04 6.038191045611591835e+04 5.513436724626816431e+04 5.071189528479638830e+04 4.694786468002707988e+04 4.369999814280432474e+04
1.256945685087350284e+05 9.625391702197263658e+04 7.784917651353885594e+04 6.547629208666256454e+04 5.678695341544376424e+04 5.023266374442904635e+04 4.509600338550730521e+04 4.098037310619904747e+04 3.764419669654000609e+04 3.490529221553028765e+04 3.264108315334916188e+04 3.075171098615008304e+04
9.228908185549711925e+04 6.901906144138424133e+04 5.526983911558655382e+04 4.643199256249199971e+04 4.048201520048475504e+04 3.615874110486429709e+04 3.290262496048124012e+04 3.040169164520945924e+04 2.846800122132955221e+04 2.696734130150055717e+04 2.580806105282546196e+04 2.492022665058481653e+04
7.241764497139956802e+04 5.342052790592798556e+04 4.286620781013339001e+04 3.644705059134935436e+04 3.236960644860793764e+04 2.957210023956171790e+04 2.760340502044043751e+04 2.620944218279571578e+04 2.523920590803282539e+04 2.459048486118083383e+04 2.419254398186309845e+04 2.399574320256545616e+04
6.204205556291075482e+04 4.571342076771194843e+04 3.713985973248746450e+04 3.221596409349283931e+04 2.929460417158427663e+04 2.743906406377203530e+04 2.626554371460686525e+04 2.555580512750503476e+04 2.518182884934774484e+04 2.506082424966539111e+04 2.513488519609625655e+04 2.536683262672161436e+04
