7.090133755410669371e+06 4.154267637989765499e+06 2.881483888794712257e+06 2.257278219234775286e+06 1.876095479534675134e+06 1.620118498188495636e+06 1.432239731693421025e+06 1.286198000975393457e+06 1.175741323197009740e+06 1.095337902476198971e+06 1.031048527573606581e+06 9.777013437653306173e+05
1.487423967671868391e+06 1.085460607536122669e+06 8.561353060611836845e+05 7.115301899201126071e+05 6.104245191120574018e+05 5.364433271749608684e+05 4.783057071421348373e+05 4.308013030926759820e+05 3.933272961226419429e+05 3.649841945360125974e+05 3.418402661818208289e+05 3.226209325125850155e+05
6.226362545018435922e+05 4.591270363319940516e+05 3.642363219721296919e+05 3.032135533620585920e+05 2.596691539428777760e+05 2.269263213439242390e+05 2.010145115611717920e+05 1.797350862640547566e+05 1.628865622087318334e+05 1.501054345794805849e+05 1.396892214760710194e+05 1.310180215886941442e+05
3.038437179487340036e+05 2.179877049251538119e+05 1.700710499965738272e+05 1.397208113880836754e+05 1.181286363144251227e+05 1.019639657687963918e+05 8.934664785503639723e+04 7.914199792669792078e+04 7.120944726765069936e+04 6.531551736098236142e+04 6.060879082036620093e+04 5.675111228493199451e+04
1.586611822108025081e+05 1.079805548874819360e+05 8.192502397079093498e+04 6.617623333837858809e+04 5.538370175388541247e+04 4.760474268588624545e+04 4.178494636366273335e+04 3.729719603265727346e+04 3.401317405482509639e+04 3.174567745392630604e+04 3.006261609333171145e+04 2.877911390619201120e+04
8.929972831420598959e+04 5.757318974781589350e+04 4.325847157681890531e+04 3.544590470333248959e+04 3.059609623654559255e+04 2.747486934371825919e+04 2.546003342277189950e+04 2.420239359210890325e+04 2.356778043715102467e+04 2.338378235506428246e+04 2.344748489031322606e+04 2.365238761029807938e+04
6.113280768623604672e+04 3.924997703590450692e+04 3.096248047142266660e+04 2.722594400294916704e+04 2.544119915698097975e+04 2.473639075981336282e+04 2.470497014136439975e+04 2.513569197414791415e+04 2.588648842759302715e+04 2.679022150093055097e+04 2.776535195190081140e+04 2.875186307866607240e+04
4.992081977887226094e+04 3.371140789098179812e+04 2.885816550982660556e+04 2.743945164573719012e+04 2.739992079418344292e+04 2.807471416244425563e+04 2.917819506267610996e+04 3.057681926280389234e+04 3.212208799669240398e+04 3.364885220045004826e+04 3.514526242995984649e+04 3.657649835987429833e+04
4.548448013837333565e+04 3.339820561831830855e+04 3.101054058079507013e+04 3.124987600755213134e+04 3.245838619275208475e+04 3.412084303535083018e+04 3.603760705770413188e+04 3.813037413167885825e+04 4.024500807909783180e+04 4.221732446820476616e+04 4.408596336876427085e+04 4.583450488396806759e+04
4.507321994644367805e+04 3.611058814989094390e+04 3.556719073431826109e+04 3.704102456887363223e+04 3.917756072158350435e+04 4.157456430213295971e+04 4.409633555667079054e+04 4.670552876952057704e+04 4.924316551562730456e+04 5.154553934853751707e+04 5.368934489054035657e+04 5.567215842073255772e+04
4.712197649829839793e+04 4.060498681887714338e+04 4.148748636902314320e+04 4.391092226281337935e+04 4.675999345535192697e+04 4.972076054252293397e+04 5.270676401375211572e+04 5.571207536252101272e+04 5.857357552534694696e+04 6.112780085574198165e+04 6.348105684627858136e+04 6.564191330196539639e+04
5.070241842625724530e+04 4.615214817699212290e+04 4.816758229562137421e+04 5.134158637221466779e+04 5.475263168716447399e+04 5.815770675328899961e+04 6.150936696880576346e+04 6.482647098997095600e+04 6.794234651752578793e+04 7.069365879929570656e+04 7.321037279261813092e+04 7.550992774609907065e+04
