7.964832946924119256e+06 4.797687620409206487e+06 3.329257010689996649e+06 2.612200193096466362e+06 2.174086536053777207e+06 1.877785184187581530e+06 1.662610164122881833e+06 1.496802051386917708e+06 1.363476926951229339e+06 1.255956364995288663e+06 1.176654369582736399e+06 1.112734082641848130e+06
1.816979829870328773e+06 1.365459036814179504e+06 1.091111465796749340e+06 9.180836255382107338e+05 7.949113404761357233e+05 7.018848257536307210e+05 6.289709359056362882e+05 5.700068541724469978e+05 5.214154279154709075e+05 4.810539209551576641e+05 4.502373699814602733e+05 4.248484507509708055e+05
8.135812038743421435e+05 6.234572289990134304e+05 5.043536495743923588e+05 4.269562497828030027e+05 3.705065572301275679e+05 3.271493112505191239e+05 2.926382100293707335e+05 2.643632884758231230e+05 2.406489845952197502e+05 2.207493937285710417e+05 2.053895394792451989e+05 1.928316697059930302e+05
4.258174569179221871e+05 3.225617069366836804e+05 2.593754244750920043e+05 2.178930261133997119e+05 1.876318393890578591e+05 1.644522655287493544e+05 1.460492808959574613e+05 1.310380421707656205e+05 1.184272058332913730e+05 1.079140819289407518e+05 9.986084744000398496e+04 9.327446926035574870e+04
2.377311371870391595e+05 1.744088916833647527e+05 1.375608141110958823e+05 1.139085882199084881e+05 9.696388340176020574e+04 8.418475372155736841e+04 7.418433783903713629e+04 6.614289993803684774e+04 5.950931736023024860e+04 5.409691151994613028e+04 5.005904308724178554e+04 4.683422307578322216e+04
1.392047334138445440e+05 9.759741284355186508e+04 7.515811342914245324e+04 6.144558860881254805e+04 5.199071051173076557e+04 4.510956091158268100e+04 3.992417205817867944e+04 3.593382879418617085e+04 3.280542848490539473e+04 3.040566190563484270e+04 2.875402291413533749e+04 2.754270970771390057e+04
8.656665604125629761e+04 5.819214311774396629e+04 4.446184218481982680e+04 3.677671607336554735e+04 3.189146218782856158e+04 2.863799024481590095e+04 2.643766203322757065e+04 2.496895300469218637e+04 2.403024719385968638e+04 2.352153459594264132e+04 2.338046538588110343e+04 2.345050233164757083e+04
6.319074302665829600e+04 4.216142489701422164e+04 3.320995837549228600e+04 2.882698644196220994e+04 2.644988976429467220e+04 2.519414510136340687e+04 2.464391422765084644e+04 2.457354925200467551e+04 2.485257640321716826e+04 2.539624174068796128e+04 2.609262759750842815e+04 2.687117089910305367e+04
5.249815501976828091e+04 3.602196261798929481e+04 3.000273521002250345e+04 2.764050371476041983e+04 2.679876813969066643e+04 2.676777434662245287e+04 2.723113627887804250e+04 2.802110126824535109e+04 2.905037943782379807e+04 3.024285949723333033e+04 3.145511307899852545e+04 3.266974803081819846e+04
4.731588949554362625e+04 3.428520688032757607e+04 3.046164645355309040e+04 2.960694341773010819e+04 2.990978294066037415e+04 3.079225926221279224e+04 3.201232239020032648e+04 3.344510502165411890e+04 3.503532837473923428e+04 3.671293362919124775e+04 3.831032299270617659e+04 3.985013484152041929e+04
4.564265522986432916e+04 3.530552255519742903e+04 3.317999208422965603e+04 3.348596263917323085e+04 3.466874215368994192e+04 3.625337777046725387e+04 3.805529860363914486e+04 3.998253668104390817e+04 4.200432905205755378e+04 4.405502063477892807e+04 4.594797932745957223e+04 4.773692925190510869e+04
4.625378397317524650e+04 3.807751379880828608e+04 3.729950867045944324e+04 3.852209065816794464e+04 4.039843404091172124e+04 4.253618179189954390e+04 4.479641124726328417e+04 4.711310640941779275e+04 4.947478022824738582e+04 5.181908471470171207e+04 5.394407335567039263e+04 5.592821609061685740e+04
