7.143146141462057829e+06 4.192397701184924226e+06 2.907877756511085667e+06 2.278194282834396232e+06 1.893448640678901691e+06 1.635253612622213550e+06 1.445859576142963255e+06 1.298653697346307337e+06 1.186143918388609309e+06 1.104678471146712080e+06 1.039455392539964290e+06 9.854958157305573113e+05
1.506697987388402224e+06 1.101717941241753520e+06 8.697015037762809079e+05 7.231731193461794173e+05 6.207474877219531918e+05 5.457161566179511137e+05 4.867773404694903875e+05 4.386123241269655409e+05 4.002441707961576758e+05 3.713450019606853602e+05 3.477037610914111719e+05 3.281679245535064256e+05
6.334938793000916485e+05 4.683635218053115532e+05 3.720495010240580887e+05 3.100379935606659856e+05 2.657745057900561369e+05 2.324323716314152116e+05 2.060442844313056557e+05 1.843625351769097906e+05 1.670238064937013551e+05 1.539167524636141607e+05 1.432093110762073775e+05 1.343303770139019180e+05
3.106362706956867478e+05 2.237172843387570465e+05 1.748991768458436127e+05 1.439080723017018172e+05 1.218132403139241214e+05 1.052489390988655941e+05 9.230745276067628583e+04 8.182480393698603439e+04 7.358398499923438067e+04 6.747636088743821892e+04 6.258087440067881107e+04 5.857335628958803863e+04
1.628719999809801811e+05 1.114256313763471990e+05 8.474368270444172958e+04 6.854473409753857413e+04 5.740188594008322980e+04 4.934063550169265363e+04 4.328697463440339925e+04 3.859678724061790854e+04 3.510833986826401087e+04 3.269277457894093459e+04 3.088324873514968203e+04 2.949738133800412834e+04
9.180914273014197533e+04 5.948293212671531364e+04 4.469743289904375706e+04 3.654968671486237145e+04 3.143932052525925974e+04 2.810652043525553017e+04 2.591422558830542403e+04 2.450136880900747929e+04 2.372495423487820153e+04 2.343456533055028922e+04 2.340928120591799961e+04 2.354176334303081967e+04
6.219769250051611016e+04 3.997651177933409053e+04 3.140649369453582767e+04 2.746768927070880818e+04 2.552441853652133796e+04 2.468902551783060335e+04 2.454572998766672390e+04 2.487723113122217910e+04 2.554558940498277661e+04 2.638579323115847365e+04 2.731202436955608209e+04 2.825760217496377300e+04
5.050650218085836968e+04 3.399503771263953240e+04 2.889719684181453340e+04 2.730500870818353724e+04 2.712983316299646685e+04 2.769256567846313919e+04 2.869899724777572555e+04 3.001120828767654893e+04 3.149230825924497913e+04 3.296782529907686694e+04 3.442705196613672888e+04 3.582638986342966382e+04
4.571697239513245586e+04 3.335461332853593922e+04 3.074975590499975806e+04 3.083645826067336020e+04 3.192589981679595076e+04 3.348977863744425122e+04 3.532034177069941506e+04 3.733610182923630055e+04 3.939999162895233894e+04 4.133013808008201158e+04 4.317024194078419532e+04 4.489356118510739907e+04
4.503774249548438092e+04 3.581878995153660799e+04 3.507904083388816798e+04 3.641605531010590494e+04 3.844608761288163805e+04 4.075476391414973477e+04 4.319861986692373466e+04 4.573800999490757386e+04 4.823516429434518795e+04 5.050233933130105288e+04 5.262423757838365418e+04 5.458694277610337303e+04
4.687813298137671518e+04 4.011963805531511753e+04 4.082165447316837526e+04 4.312029620857719419e+04 4.587240500319957209e+04 4.875264587512010621e+04 5.166705691986306192e+04 5.460807495412993740e+04 5.743702394705047482e+04 5.996143856551765202e+04 6.229790723569280817e+04 6.444259271716868534e+04
5.029261164603777434e+04 4.551275382852086477e+04 4.736038899471634795e+04 5.041917074185043748e+04 5.374083113371309446e+04 5.707158505110262195e+04 6.035669787868415006e+04 6.361391306348797661e+04 6.670359351708585746e+04 6.942941971073542663e+04 7.193344736906193430e+04 7.421997934783168603e+04
