1.921506810016309097e+07 2.066714750119107962e+07 1.964567890951395780e+07 1.846584330001039058e+07 1.738491505630940571e+07 1.642672868946687318e+07 1.552988138813113980e+07 1.471746608158909902e+07 1.398632460154581815e+07 1.332710584190890566e+07 1.273141652410938218e+07 1.219062997018254362e+07
1.517554669377495162e+07 1.685358095027291030e+07 1.677366726684005000e+07 1.623352020981721766e+07 1.557280898553596251e+07 1.491126462177136354e+07 1.424170399641846865e+07 1.360300389569681324e+07 1.300664641674743965e+07 1.245425905294241384e+07 1.194494024081195518e+07 1.147524543316087127e+07
1.284690585664180666e+07 1.375283873010848276e+07 1.394017741183136404e+07 1.379108538189571351e+07 1.348692317417508923e+07 1.311553813327961601e+07 1.269175966119665094e+07 1.225355168208343349e+07 1.181935864550087973e+07 1.139873873734765872e+07 1.099869142623348720e+07 1.061995978847848624e+07
1.130856562369296141e+07 1.172358079227984510e+07 1.192044822281734832e+07 1.189181821265809610e+07 1.174639969952297583e+07 1.153611104892100021e+07 1.127173509907436371e+07 1.098051555697517842e+07 1.067636399134191126e+07 1.036893963662160374e+07 1.006529654467560910e+07 9.769248661786256358e+06
1.013260551654532738e+07 1.023938917623882741e+07 1.037112199119736999e+07 1.038106354402853735e+07 1.030495322384026088e+07 1.017857953476463072e+07 1.000774170997576229e+07 9.809762213804820552e+06 9.595187976096605882e+06 9.372127878881076351e+06 9.146274804648214951e+06 8.920643299518153071e+06
9.139427917118983343e+06 9.108858295426035300e+06 9.127811809392720461e+06 9.144911239902729169e+06 9.101784053175631911e+06 9.021712012388238683e+06 8.905441379314417019e+06 8.766337165858922526e+06 8.611956960402848199e+06 8.448125359438486397e+06 8.278640222981016152e+06 8.106311763478424400e+06
8.317399283483452164e+06 8.201970527612785809e+06 8.197035862418832257e+06 8.167049040535791777e+06 8.137380439956109971e+06 8.081286125115284696e+06 7.997121481267498806e+06 7.894771658149906434e+06 7.778971279948069714e+06 7.653801651559910737e+06 7.522672999245150015e+06 7.387838156471928582e+06
7.625751586170637049e+06 7.475596555937657133e+06 7.451821621445715427e+06 7.398923724907202646e+06 7.352424225755703636e+06 7.308938153900657780e+06 7.243561837883157656e+06 7.164068815942872316e+06 7.073443969152303413e+06 6.974853661503786221e+06 6.870707304943507537e+06 6.762756831305615604e+06
7.032624663468184881e+06 6.892806298403097317e+06 6.821665649831844494e+06 6.779367997146627866e+06 6.714756817373124883e+06 6.661206838067451492e+06 6.608560525870559737e+06 6.543961625744152814e+06 6.470042599968253635e+06 6.389363016445545480e+06 6.304172096305313520e+06 6.215623323146387003e+06
6.517762664548120461e+06 6.386804842030949891e+06 6.288706895721826702e+06 6.246203751793995500e+06 6.192446403048453853e+06 6.128859153440693393e+06 6.065530167677417397e+06 6.011715203829952516e+06 5.950210798863526434e+06 5.882848857469937764e+06 5.811292887594156899e+06 5.736650456893676892e+06
6.065899588974124752e+06 5.942651952636264265e+06 5.842423989765045233e+06 5.782053062839549035e+06 5.736510539927856065e+06 5.682491602067983709e+06 5.618794458119189367e+06 5.551936467699122615e+06 5.497274890706150793e+06 5.439890447058605030e+06 5.378904672199148685e+06 5.315271363450407051e+06
5.664041852734479122e+06 5.548370388989407569e+06 5.457075835940141231e+06 5.378548083288042806e+06 5.332995359645028599e+06 5.286489759354355745e+06 5.231552753769670613e+06 5.171423166730629280e+06 5.107452125980634242e+06 5.048377095198594034e+06 4.995355402163513005e+06 4.940223017338791862e+06
