name time magnitude err

F336W_HST 5.319999999999709 24.42494367387217 0.11
F336W_HST 5.319999999999709 24.504943673872173 0.11
F336W_HST 5.349999999998545 24.634943673872172 0.11
U_Swift 0.6381990000008955 17.677122723827537 0.089345
U_Swift 0.9804440000007162 18.378060723827534 0.165608
U_Swift 1.0424809999967692 18.454693723827535 0.162371
U_NTT 1.5190999999977066 19.59567385463157 0.23
U_NTT 1.519110000001092 19.73567385463157 0.29
U_NTT 1.5230000000010477 19.695673854631572 0.28
U_NTT 1.526899999997113 19.585673854631573 0.28
u_DECam 1.4507549999980256 19.45861658028638 0.054824
u_DECam 2.451017999999749 21.78004558028638 0.159378
u_DECam 3.4551050000009127 22.58149058028638 0.320548
B_VLT 4.4909999999945285 22.28541961846322 0.128
B_MASTER 1.207060000000638 17.66870608927781 0.1
B_Swope 1.5051999999996042 18.639617802156263 0.04
B_Swope 3.466099999997823 21.28961780215626 0.13
B_CTIO 1.4595189999963623 18.662380829361105 0.11
B_CTIO 2.449518999994325 20.392380829361105 0.1
g_LaSilla 1.43974999999773 18.077770026521954 0.04
g_LaSilla 2.4399199999970733 19.777770026521956 0.11
g_LaSilla 3.4453299999950104 20.717770026521954 0.16
g_LaSilla 4.445260000000417 21.167770026521953 0.22
g_Gemini_LCO1m_Keck 3.5095189999992726 19.711878239873492 0.01
g_Gemini_LCO1m_Keck 0.8719999999957508 16.48791882658233 0.12
g_Gemini_LCO1m_Keck 1.2160000000003492 17.25791882658233 0.12
g_Gemini_LCO1m_Keck 1.4510000000009313 17.81791882658233 0.14
g_Gemini_LCO1m_Keck 1.8399999999965075 18.48791882658233 0.17
g_Gemini_LCO1m_Keck 2.2289999999993597 19.13791882658233 0.21
g_Gemini_LCO1m_Keck 2.231999999996333 19.00791882658233 0.2
g_Gemini_LCO1m_Keck 2.4879999999975553 19.357918826582328 0.33
F475W_HST_g_Swope 1.5257999999957974 18.098068336286012 0.12
F475W_HST_g_Swope 3.472300000001269 20.378068336286013 0.05
F475W_HST_g_Swope 4.475399999995716 21.358068336286014 0.1
g_T80s 1.4389999999984866 18.040096854957124 0.057
g_T80s 1.4447000000000116 18.116096854957124 0.039
g_T80s 1.4458000000013271 18.090096854957125 0.037
g_T80s 1.4468999999953667 18.22409685495712 0.043
g_T80s 1.4549999999944703 18.191096854957124 0.031
g_T80s 1.4560999999957858 18.156096854957124 0.03
g_T80s 1.4571999999971013 18.216096854957122 0.038
g_T80s 1.465199999998731 18.26209685495712 0.034
g_T80s 1.4663000000000466 18.213096854957122 0.038
g_T80s 1.4672999999966123 18.241096854957124 0.037
g_T80s 1.4752999999982421 18.302096854957124 0.036
g_T80s 1.4763999999995576 18.275096854957123 0.03
g_T80s 1.4775000000008731 18.232096854957124 0.036
g_T80s 1.485499999995227 18.292096854957123 0.035
g_T80s 1.4865999999965425 18.276096854957125 0.038
g_T80s 1.4876000000003842 18.177096854957124 0.03
g_DECam 1.4500740000003134 18.27656715154246 0.027862
g_DECam 2.448767999994743 19.82136215154246 0.049919
g_DECam 3.4566389999963576 20.54065715154246 0.082903
g_DECam 4.461945999995805 21.34290015154246 0.111509
g_DECam 5.461237999996229 21.64593415154246 0.422551
g_VLT 3.4909999999945285 20.57845976560843 0.06
g_skymapper 0.8916479999970761 17.099436772914466 0.08
g_skymapper 2.856393999994907 20.069436772914464 0.11
g_skymapper 2.869437999994261 19.849436772914466 0.12
V_LCO 2.2219999999942956 18.72424776169549 0.07
V_LCO 2.480999999999767 18.99424776169549 0.18
V_LCO 2.855999999999767 19.43424776169549 0.2
V_LCO 3.213999999999942 19.554247761695493 0.19
V_Swope 1.4657999999981257 17.88594860014784 0.04
V_Swope 3.460299999998824 20.185948600147842 0.12
V_CTIO 1.4595189999963623 17.95334705452892 0.04
V_CTIO 2.449518999994325 19.18334705452892 0.05
V_VLT 4.4909999999945285 20.756933848411176 0.054
V_NTT 1.4349999999976717 17.898809379291876 0.08
V_NTT 1.439699999995355 17.838809379291877 0.05
V_NTT 1.4410999999963678 17.808809379291876 0.08
V_NTT 1.481499999994412 17.818809379291878 0.04
V_NTT 1.482799999997951 17.838809379291877 0.06
V_NTT 1.4838999999992666 17.858809379291877 0.04
V_NTT 1.5170999999972992 17.928809379291877 0.06
V_NTT 1.5181000000011409 17.858809379291877 0.1
V_NTT 2.442399999999907 19.078809379291876 0.11
V_NTT 2.4873999999981606 19.20880937929188 0.12
V_NTT 2.524699999994482 19.268809379291877 0.2
V_NTT 3.439699999995355 20.218809379291876 0.2
V_NTT 3.4865999999965425 20.228809379291878 0.15
V_NTT 3.5240999999950873 20.358809379291877 0.31
r_skymapper 0.8902589999997872 17.03671891081615 0.07
r_skymapper 2.8549930000008317 19.056718910816148 0.08
r_skymapper 2.868037000000186 19.08671891081615 0.09
r_PAN-STARRS 2.232109999997192 18.519223472121382 0.07
r_LaSilla 1.43974999999773 17.709716885547802 0.01
r_LaSilla 2.4399199999970733 18.849716885547803 0.17
r_LaSilla 3.4453299999950104 19.529716885547803 0.02
r_LaSilla 4.445260000000417 20.249716885547805 0.05
w_LCO 0.4819999999963329 17.210207925930767 0.04
w_LCO 0.852999999995518 17.030207925930767 0.04
w_LCO 1.2039999999979045 17.670207925930768 0.04
w_LCO 1.4389999999984866 17.95020792593077 0.04
w_LCO 1.8280000000013388 18.41020792593077 0.05
w_LCO 2.2289999999993597 18.830207925930768 0.06
w_LCO 2.231999999996333 18.830207925930768 0.06
w_LCO 2.458999999995285 19.280207925930767 0.07
w_LCO 2.4629999999961 19.20020792593077 0.07
w_LCO 2.4870000000009895 19.18020792593077 0.06
w_LCO 2.4899999999979627 19.080207925930768 0.05
w_LCO 2.8479999999981374 19.40020792593077 0.05
w_LCO 2.8519999999989523 19.330207925930768 0.05
w_LCO 2.8759999999965657 19.25020792593077 0.07
w_LCO 2.879000000000815 19.280207925930767 0.08
w_LCO 3.216999999996915 19.850207925930768 0.13
w_LCO 3.22099999999773 19.710207925930767 0.06
w_LCO 4.4629999999961 20.36020792593077 0.09
r_Swope_LCO 1.5181999999986147 17.421393294499 0.02
r_Swope_LCO 3.4785999999949127 19.261393294499 0.09
r_Swope_LCO 4.467499999998836 20.021393294499 0.12
r_Swope_LCO 0.8759999999965657 16.9206966472495 0.02
r_Swope_LCO 1.2119999999995343 17.4706966472495 0.02
r_Swope_LCO 1.4470000000001164 17.7006966472495 0.08
r_Swope_LCO 1.8359999999956926 18.0606966472495 0.11
r_Swope_LCO 2.208999999995285 18.640696647249502 0.1
r_Swope_LCO 2.2119999999995343 18.6206966472495 0.11
r_Swope_LCO 2.4389999999984866 18.820696647249502 0.11
r_Swope_LCO 2.8280000000013388 19.0806966472495 0.09
r_Swope_LCO 3.1970000000001164 19.4706966472495 0.12
r_Swope_LCO 4.185999999994237 20.0206966472495 0.31
r_Swope_LCO 4.439999999995052 19.9706966472495 0.28
r_Swope_LCO 4.8289999999979045 20.4106966472495 0.33
r_T80s 1.448099999994156 17.64618310332156 0.022
r_T80s 1.4491999999954714 17.687183103321562 0.024
r_T80s 1.4501999999993131 17.658183103321562 0.024
r_T80s 1.4583999999958905 17.667183103321562 0.02
r_T80s 1.459499999997206 17.70418310332156 0.024
r_T80s 1.4605000000010477 17.70818310332156 0.026
r_T80s 1.4684999999954016 17.74618310332156 0.026
r_T80s 1.469599999996717 17.73818310332156 0.023
r_T80s 1.4706999999980326 17.76218310332156 0.022
r_T80s 1.4786999999996624 17.72918310332156 0.02
r_T80s 1.4798000000009779 17.72918310332156 0.023
r_T80s 1.4808999999950174 17.79018310332156 0.027
r_T80s 1.4887999999991735 17.75018310332156 0.024
r_T80s 1.489900000000489 17.774183103321562 0.03
r_T80s 1.4909999999945285 17.76218310332156 0.022
r_T80s 2.455999999998312 18.501183103321562 0.03
r_T80s 2.455999999998312 18.87118310332156 0.06
r_Gemini 3.5095189999992726 19.383583275311164 0.01
R_MASTER 1.1974879999979748 16.724057259064708 0.2
R_MASTER 2.2204169999968144 17.724057259064708 0.3
r_DECam 1.449399999997695 17.770678267558456 0.023978
r_DECam 2.4480789999943227 18.764917267558456 0.033811
r_DECam 3.455956999998307 19.020532267558455 0.043513
r_DECam 4.454690999999002 19.982005267558456 0.048513
r_DECam 5.45397999999841 20.524005267558454 0.242455
r_VLT 1.4399999999950523 17.42365092762826 0.02
r_VLT 1.47099999999773 17.684650927628258 0.02
r_VLT 2.4399999999950523 18.503650927628257 0.04
r_VLT 3.4499999999970896 19.01365092762826 0.01
r_VLT 3.4909999999945285 19.473650927628256 0.02
r_VLT 4.440999999998894 19.971650927628257 0.058
r_VLT 4.459999999999127 19.593650927628257 0.01
r_VLT 5.439999999995052 20.12365092762826 0.03
r_VLT 5.4909999999945285 20.473650927628256 0.03
r_CTIO 1.4595189999963623 17.675861902850386 0.05
r_CTIO 2.449518999994325 18.545861902850383 0.05
r_CTIO 3.449518999994325 19.275861902850384 0.06
r_CTIO 4.439518999999564 19.855861902850386 0.08
i_LCO 1.4429999999993015 17.65910286350549 0.1
i_LCO 1.8319999999948777 17.84910286350549 0.13
i_LCO 2.2160000000003492 18.109102863505488 0.12
i_LCO 2.2189999999973224 18.03910286350549 0.15
i_LCO 2.4459999999962747 18.38910286350549 0.15
i_LCO 2.449000000000524 18.23910286350549 0.1
i_LCO 2.4729999999981374 18.23910286350549 0.1
i_LCO 2.4769999999989523 18.22910286350549 0.11
i_LCO 2.834999999999127 18.30910286350549 0.13
i_LCO 2.8379999999961 18.39910286350549 0.14
i_LCO 2.8620000000009895 18.47910286350549 0.18
i_LCO 2.8659999999945285 18.40910286350549 0.15
i_LCO 3.2039999999979045 18.61910286350549 0.2
i_LCO 3.2069999999948777 18.53910286350549 0.15
i_PAN-STARRS 0.7022499999948195 17.019584139937663 0.06
i_PAN-STARRS 1.7022499999948195 17.649584139937666 0.06
i_PAN-STARRS 2.7022499999948195 18.219584139937666 0.09
i_Swope 0.4523999999946682 17.26394196539875 0.02
i_Swope 1.5147999999971944 17.58394196539875 0.02
i_Swope 3.4755999999979394 18.70394196539875 0.05
i_Swope 4.459499999997206 19.17394196539875 0.04
i_Swope 5.472999999998137 20.05394196539875 0.12
i_LaSilla 1.43974999999773 17.63442882884718 0.05
i_LaSilla 2.4399199999970733 18.364428828847178 0.04
i_LaSilla 3.4453299999950104 18.81442882884718 0.01
i_LaSilla 4.445260000000417 19.29442882884718 0.04
i_T80s 1.4513999999981024 17.528892198257886 0.029
i_T80s 1.452499999999418 17.588892198257888 0.025
i_T80s 1.4536000000007334 17.594892198257888 0.026
i_T80s 1.4617999999973108 17.561892198257887 0.021
i_T80s 1.4628000000011525 17.578892198257886 0.024
i_T80s 1.463899999995192 17.58089219825789 0.025
i_T80s 1.4718999999968219 17.528892198257886 0.024
i_T80s 1.4729999999981374 17.64189219825789 0.028
i_T80s 1.4740999999994528 17.63289219825789 0.025
i_T80s 1.481999999996333 17.610892198257886 0.033
i_T80s 1.4830999999976484 17.557892198257885 0.025
i_T80s 1.484199999998964 17.651892198257887 0.032
i_T80s 1.4922000000005937 17.616892198257887 0.029
i_T80s 1.4932999999946333 17.683892198257887 0.031
i_T80s 1.494299999998475 17.665892198257886 0.033
i_skymapper 0.8577819999991334 17.211286541336186 0.05
i_skymapper 1.850362999997742 17.751286541336185 0.07
i_skymapper 1.8633259999987786 17.971286541336184 0.08
i_Gemini 3.5095189999992726 18.51355715899747 0.01
i_DECam 0.47406000000046333 17.273879335785214 0.025298
i_DECam 1.4487149999986286 17.578635335785215 0.021517
i_DECam 2.4473890000008396 18.177173335785213 0.031491
i_DECam 3.4552719999992405 18.519086335785214 0.031573
i_DECam 4.451075999997556 19.016463335785215 0.026111
i_DECam 5.450362999996287 19.346283335785213 0.18183
i_VLT 2.458999999995285 18.171135229850556 0.03
i_VLT 4.480999999999767 19.085135229850554 0.055
i_CTIO 1.4595189999963623 17.58561230938782 0.09
i_CTIO 2.4595189999963623 18.21561230938782 0.13
i_CTIO 3.449518999994325 18.68561230938782 0.11
i_CTIO 4.439518999999564 19.03561230938782 0.1
z_PAN-STARRS 0.7022499999948195 17.09305384052951 0.06
z_PAN-STARRS 1.7022499999948195 17.61305384052951 0.07
z_PAN-STARRS 2.7022499999948195 18.143053840529507 0.07
z_PAN-STARRS 3.706559999998717 17.93305384052951 0.3
z_LCO 2.2219999999942956 18.083446002860505 0.3
z_LCO 2.4530000000013388 18.023446002860506 0.2
z_LCO 3.2109999999956926 18.253446002860507 0.34
z_Subaru 0.6999999999970896 17.241664256836934 0.01
z_Subaru 1.6999999999970896 17.581664256836934 0.01
z_LaSilla 1.43974999999773 17.563821482464597 0.03
z_LaSilla 2.4399199999970733 18.173821482464596 0.06
z_LaSilla 3.4453299999950104 18.583821482464597 0.02
z_LaSilla 4.445260000000417 18.9138214824646 0.06
z_VLT_DECam 1.47099999999773 17.352153852726207 0.07
z_VLT_DECam 3.4909999999945285 17.998153852726208 0.02
z_VLT_DECam 4.451000000000931 18.428153852726208 0.01
z_VLT_DECam 4.47099999999773 18.625153852726207 0.027
z_VLT_DECam 5.4909999999945285 18.858153852726208 0.03
z_VLT_DECam 0.47474099999817554 17.439281926363105 0.029122
z_VLT_DECam 1.4480259999982081 17.442050926363105 0.021972
z_VLT_DECam 2.4466899999970337 18.030523926363102 0.029941
z_VLT_DECam 3.454604999998992 18.410460926363104 0.033572
z_VLT_DECam 4.448666999996931 18.657165926363103 0.026951
z_VLT_DECam 5.447953999995661 19.023800926363105 0.105965
y_PAN-STARRS 0.7022499999948195 17.24026859183567 0.1
y_PAN-STARRS 1.7022499999948195 17.440268591835668 0.11
y_PAN-STARRS 2.7022499999948195 17.940268591835668 0.11
y_PAN-STARRS 5.704539999998815 18.81026859183567 0.44
z_Gemini 3.51951900000131 18.322345735121374 0.01
Y_DECam 1.4473509999952512 17.181389220014495 0.02566
Y_DECam 2.4456499999942025 17.638121220014494 0.032342
Y_DECam 3.453574999999546 17.919676220014495 0.034897
Y_DECam 4.446241999998165 18.219439220014497 0.030046
Y_DECam 5.445537999999942 18.699260220014494 0.179805
Y_VISTA 0.48999999999796273 17.33282524394241 0.01
Y_VISTA 1.4700000000011642 17.10282524394241 0.01
Y_VISTA 2.470000000001164 17.38282524394241 0.02
Y_VISTA 3.459999999999127 17.63282524394241 0.01
Y_VISTA 4.459999999999127 17.94282524394241 0.02
J1_Magellan 1.4732000000003609 17.199358730665825 0.01
J1_Magellan 2.451099999998405 17.399358730665824 0.01
F110W_HST 4.790000000000873 18.156735631895586 0.01
F110W_HST 4.791518999998516 18.325735631895583 0.026
J_IRSF 1.1699999999982538 17.411949333106048 0.03
J_IRSF 2.1699999999982538 17.591949333106047 0.04
J_IRSF 3.1699999999982538 17.681949333106047 0.05
J_IRSF 4.180000000000291 18.031949333106045 0.12
J_IRSF 5.180000000000291 18.211949333106045 0.06
J_LaSilla 1.43974999999773 17.486991327690603 0.07
J_LaSilla 2.4399199999970733 17.636991327690605 0.09
J_LaSilla 3.4453299999950104 17.856991327690604 0.07
J_LaSilla 4.445260000000417 18.076991327690607 0.07
J_Magellan 0.4709999999977299 17.737232342829518 0.15
J_Magellan 1.4522999999971944 17.37723234282952 0.01
J_Magellan 1.4732000000003609 17.22723234282952 0.01
J_Magellan 2.433499999999185 17.45723234282952 0.01
J_Magellan 2.451099999998405 17.42723234282952 0.01
J_Magellan 3.4438000000009197 17.75723234282952 0.01
J_VISTA_NTT 0.47999999999592546 17.697314818955217 0.03
J_VISTA_NTT 0.5099999999947613 17.63731481895522 0.03
J_VISTA_NTT 1.4599999999991269 17.267314818955217 0.01
J_VISTA_NTT 2.459999999999127 17.477314818955218 0.02
J_VISTA_NTT 3.459999999999127 17.677314818955217 0.02
J_VISTA_NTT 4.459999999999127 17.897314818955216 0.03
J_Gemini 3.4995189999972354 17.757549123061953 0.02
J_Gemini 2.4899999999979627 17.668774561530977 0.02
J_Gemini 3.5 17.838774561530975 0.06
J_Gemini 4.519999999996799 18.058774561530974 0.06
F160W_HST 4.922999999995227 17.99731318868574 0.03
F160W_HST 4.924519000000146 18.05031318868574 0.032
H_Magellan 0.46119999999791617 18.19945964942551 0.15
H_Magellan 1.4611999999979162 17.459459649425508 0.01
H_Magellan 2.442399999999907 17.50945964942551 0.01
H_Gemini 1.4712199999994482 17.510350337918087 0.1
H_Gemini 2.438754999995581 17.59035033791809 0.09
H_Gemini 3.4995189999972354 17.57035033791809 0.02
H_Gemini 4.44438000000082 17.80035033791809 0.1
H_Gemini 3.5 17.660175168959043 0.04
H_Gemini 4.519999999996799 17.960175168959044 0.07
H_LaSilla 1.43974999999773 17.581108086794984 0.08
H_LaSilla 2.4399199999970733 17.581108086794984 0.08
H_LaSilla 3.4453299999950104 17.661108086794982 0.07
H_LaSilla 4.445260000000417 17.961108086794983 0.1
H_IRSF 1.1699999999982538 17.581280383864172 0.04
H_IRSF 2.1699999999982538 17.46128038386417 0.04
H_IRSF 3.1699999999982538 17.51128038386417 0.04
H_IRSF 4.180000000000291 17.71128038386417 0.04
H_IRSF 5.180000000000291 17.881280383864173 0.05
Ks_VLT_Magellan 0.5009999999965657 18.371597705660758 0.15
Ks_VLT_Magellan 1.451999999997497 17.571597705660757 0.04
Ks_VLT_Magellan 2.4329999999972642 17.51159770566076 0.06
Ks_VISTA 0.47000000000116415 18.58162647202575 0.05
Ks_VISTA 0.5 18.60162647202575 0.06
Ks_VISTA 1.4599999999991269 17.73162647202575 0.02
Ks_VISTA 2.4499999999970896 17.63162647202575 0.03
Ks_VISTA 3.4499999999970896 17.501626472025748 0.02
Ks_VISTA 4.44999999999709 17.56162647202575 0.02
Ks_IRSF 1.1699999999982538 17.871655203474667 0.05
Ks_IRSF 2.1699999999982538 17.571655203474666 0.04
Ks_IRSF 3.1699999999982538 17.511655203474668 0.05
Ks_IRSF 4.180000000000291 17.531655203474667 0.07
Ks_IRSF 5.180000000000291 17.641655203474667 0.04
Ks_Gemini 3.4995189999972354 17.54371070174575 0.02
Ks_Gemini 0.5299999999988358 18.381855350872875 0.04
Ks_Gemini 2.4899999999979627 17.561855350872875 0.04
Ks_Gemini 3.5 17.571855350872873 0.06
Ks_Gemini 4.509999999994761 17.681855350872873 0.09
K_LaSilla 1.43974999999773 17.812250600952954 0.15
K_LaSilla 2.4399199999970733 17.622250600952952 0.1
K_LaSilla 3.4453299999950104 17.82225060095295 0.1
K_LaSilla 4.445260000000417 17.492250600952953 0.11
