# 1:theta 2:M 3:vel 4:ye  
-0.032057  0.000000  nan  nan
0.032057  0.000001  0.204577  0.345930
0.096171  0.000002  0.201013  0.347594
0.160285  0.000004  0.194038  0.349235
0.224399  0.000005  0.186142  0.351113
0.288514  0.000008  0.174523  0.354997
0.352628  0.000012  0.163534  0.357193
0.416742  0.000016  0.158130  0.356627
0.480856  0.000020  0.153999  0.353869
0.544970  0.000023  0.155737  0.349474
0.609084  0.000026  0.152787  0.343646
0.673198  0.000029  0.150303  0.335376
0.737313  0.000028  0.154399  0.322549
0.801427  0.000056  0.168041  0.302667
0.865541  0.000029  0.169326  0.283218
0.929655  0.000031  0.166791  0.266957
0.993769  0.000031  0.164612  0.252167
1.057883  0.000032  0.162173  0.236769
1.121997  0.000034  0.162179  0.217654
1.186112  0.000038  0.156256  0.202481
1.250226  0.000037  0.151210  0.197411
1.314340  0.000036  0.149726  0.188190
1.378454  0.000030  0.153590  0.190591
1.442568  0.000028  0.149233  0.184145
1.506682  0.000027  0.148149  0.171309
1.570796  0.000030  0.151305  0.161618
1.634910  0.000027  0.148149  0.171309
1.699025  0.000028  0.149233  0.184145
1.763139  0.000030  0.153590  0.190591
1.827253  0.000036  0.149726  0.188190
1.891367  0.000037  0.151210  0.197411
1.955481  0.000038  0.156256  0.202481
2.019595  0.000034  0.162179  0.217654
2.083709  0.000032  0.162173  0.236769
2.147824  0.000031  0.164612  0.252167
2.211938  0.000031  0.166791  0.266957
2.276052  0.000029  0.169326  0.283218
2.340166  0.000056  0.168041  0.302667
2.404280  0.000028  0.154399  0.322549
2.468394  0.000029  0.150303  0.335376
2.532508  0.000026  0.152787  0.343646
2.596622  0.000023  0.155737  0.349474
2.660737  0.000020  0.153999  0.353869
2.724851  0.000016  0.158130  0.356627
2.788965  0.000012  0.163534  0.357193
2.853079  0.000008  0.174523  0.354997
2.917193  0.000005  0.186142  0.351113
2.981307  0.000004  0.194038  0.349235
3.045421  0.000002  0.201013  0.347594
3.109536  0.000001  0.204577  0.345930
3.173650  0.000000  nan  nan
