# 1:theta 2:M 3:vel 4:ye  
-0.032057  0.000000  nan  nan
0.032057  0.000000  0.229815  0.351366
0.096171  0.000001  0.228236  0.354488
0.160285  0.000003  0.217896  0.357976
0.224399  0.000006  0.159527  0.370788
0.288514  0.000007  0.166658  0.361721
0.352628  0.000007  0.193283  0.347680
0.416742  0.000009  0.188682  0.343100
0.480856  0.000012  0.176480  0.343225
0.544970  0.000015  0.168277  0.341356
0.609084  0.000017  0.161816  0.335576
0.673198  0.000019  0.155842  0.329558
0.737313  0.000021  0.150872  0.321696
0.801427  0.000048  0.146418  0.312148
0.865541  0.000025  0.143545  0.301631
0.929655  0.000024  0.142974  0.294950
0.993769  0.000023  0.144921  0.283411
1.057883  0.000021  0.155668  0.264492
1.121997  0.000021  0.158646  0.250983
1.186112  0.000022  0.150519  0.234191
1.250226  0.000022  0.150868  0.221330
1.314340  0.000025  0.147402  0.214299
1.378454  0.000030  0.149920  0.200105
1.442568  0.000032  0.164264  0.186007
1.506682  0.000034  0.171821  0.181079
1.570796  0.000035  0.175031  0.179615
1.634910  0.000034  0.171821  0.181079
1.699025  0.000032  0.164264  0.186007
1.763139  0.000030  0.149920  0.200105
1.827253  0.000025  0.147402  0.214299
1.891367  0.000022  0.150868  0.221330
1.955481  0.000022  0.150519  0.234191
2.019595  0.000021  0.158646  0.250983
2.083709  0.000021  0.155668  0.264492
2.147824  0.000023  0.144921  0.283411
2.211938  0.000024  0.142974  0.294950
2.276052  0.000025  0.143545  0.301631
2.340166  0.000048  0.146418  0.312148
2.404280  0.000021  0.150872  0.321696
2.468394  0.000019  0.155842  0.329558
2.532508  0.000017  0.161816  0.335576
2.596622  0.000015  0.168277  0.341356
2.660737  0.000012  0.176480  0.343225
2.724851  0.000009  0.188682  0.343100
2.788965  0.000007  0.193283  0.347680
2.853079  0.000007  0.166658  0.361721
2.917193  0.000006  0.159527  0.370788
2.981307  0.000003  0.217896  0.357976
3.045421  0.000001  0.228236  0.354488
3.109536  0.000000  0.229815  0.351366
3.173650  0.000000  nan  nan
