# 1:theta 2:M 3:vel 4:ye  
-0.032057  0.000000  nan  nan
0.032057  0.000000  0.169383  0.338716
0.096171  0.000001  0.169253  0.336463
0.160285  0.000002  0.165478  0.339183
0.224399  0.000003  0.171638  0.336888
0.288514  0.000004  0.170768  0.333372
0.352628  0.000005  0.172112  0.331715
0.416742  0.000006  0.165783  0.329781
0.480856  0.000008  0.159291  0.325988
0.544970  0.000009  0.153412  0.319011
0.609084  0.000009  0.154146  0.313818
0.673198  0.000009  0.160032  0.303282
0.737313  0.000009  0.176729  0.290892
0.801427  0.000021  0.186939  0.281658
0.865541  0.000011  0.198174  0.273472
0.929655  0.000013  0.194099  0.257582
0.993769  0.000017  0.186555  0.243048
1.057883  0.000021  0.183341  0.230295
1.121997  0.000026  0.182239  0.211585
1.186112  0.000029  0.178071  0.193446
1.250226  0.000030  0.176322  0.180707
1.314340  0.000029  0.171538  0.166005
1.378454  0.000030  0.163830  0.149912
1.442568  0.000033  0.165082  0.138846
1.506682  0.000039  0.165972  0.121193
1.570796  0.000043  0.167320  0.112274
1.634910  0.000039  0.165972  0.121193
1.699025  0.000033  0.165082  0.138846
1.763139  0.000030  0.163830  0.149912
1.827253  0.000029  0.171538  0.166005
1.891367  0.000030  0.176322  0.180707
1.955481  0.000029  0.178071  0.193446
2.019595  0.000026  0.182239  0.211585
2.083709  0.000021  0.183341  0.230295
2.147824  0.000017  0.186555  0.243048
2.211938  0.000013  0.194099  0.257582
2.276052  0.000011  0.198174  0.273472
2.340166  0.000021  0.186939  0.281658
2.404280  0.000009  0.176729  0.290892
2.468394  0.000009  0.160032  0.303282
2.532508  0.000009  0.154146  0.313818
2.596622  0.000009  0.153412  0.319011
2.660737  0.000008  0.159291  0.325988
2.724851  0.000006  0.165783  0.329781
2.788965  0.000005  0.172112  0.331715
2.853079  0.000004  0.170768  0.333372
2.917193  0.000003  0.171638  0.336888
2.981307  0.000002  0.165478  0.339183
3.045421  0.000001  0.169253  0.336463
3.109536  0.000000  0.169383  0.338716
3.173650  0.000000  nan  nan
