# 1:theta 2:M 3:vel 4:ye  
-0.032057  0.000000  nan  nan
0.032057  0.000001  0.206459  0.345830
0.096171  0.000002  0.194809  0.351983
0.160285  0.000004  0.183326  0.356232
0.224399  0.000007  0.170620  0.359089
0.288514  0.000011  0.162668  0.362008
0.352628  0.000015  0.156936  0.361663
0.416742  0.000019  0.160029  0.358498
0.480856  0.000023  0.156296  0.356342
0.544970  0.000029  0.150050  0.353353
0.609084  0.000035  0.136591  0.346333
0.673198  0.000033  0.136567  0.339874
0.737313  0.000031  0.143175  0.334402
0.801427  0.000061  0.154843  0.324430
0.865541  0.000031  0.167412  0.311477
0.929655  0.000032  0.164239  0.298913
0.993769  0.000036  0.154039  0.287720
1.057883  0.000040  0.149428  0.276095
1.121997  0.000041  0.145582  0.262634
1.186112  0.000042  0.145615  0.248656
1.250226  0.000037  0.154704  0.237177
1.314340  0.000040  0.146844  0.225187
1.378454  0.000045  0.147397  0.214112
1.442568  0.000045  0.154662  0.200919
1.506682  0.000045  0.168580  0.189030
1.570796  0.000049  0.179751  0.169542
1.634910  0.000045  0.168580  0.189030
1.699025  0.000045  0.154662  0.200919
1.763139  0.000045  0.147397  0.214112
1.827253  0.000040  0.146844  0.225187
1.891367  0.000037  0.154704  0.237177
1.955481  0.000042  0.145615  0.248656
2.019595  0.000041  0.145582  0.262634
2.083709  0.000040  0.149428  0.276095
2.147824  0.000036  0.154039  0.287720
2.211938  0.000032  0.164239  0.298913
2.276052  0.000031  0.167412  0.311477
2.340166  0.000061  0.154843  0.324430
2.404280  0.000031  0.143175  0.334402
2.468394  0.000033  0.136567  0.339874
2.532508  0.000035  0.136591  0.346333
2.596622  0.000029  0.150050  0.353353
2.660737  0.000023  0.156296  0.356342
2.724851  0.000019  0.160029  0.358498
2.788965  0.000015  0.156936  0.361663
2.853079  0.000011  0.162668  0.362008
2.917193  0.000007  0.170620  0.359089
2.981307  0.000004  0.183326  0.356232
3.045421  0.000002  0.194809  0.351983
3.109536  0.000001  0.206459  0.345830
3.173650  0.000000  nan  nan
