# 1:theta 2:M 3:vel 4:ye  
-0.032057  0.000000  nan  nan
0.032057  0.000000  0.180416  0.351125
0.096171  0.000001  0.165423  0.353618
0.160285  0.000003  0.154443  0.353778
0.224399  0.000004  0.151493  0.352267
0.288514  0.000006  0.146989  0.352623
0.352628  0.000008  0.140061  0.348110
0.416742  0.000010  0.135833  0.345198
0.480856  0.000012  0.135357  0.341398
0.544970  0.000012  0.149317  0.335721
0.609084  0.000013  0.157300  0.329444
0.673198  0.000016  0.152230  0.322270
0.737313  0.000019  0.145790  0.309761
0.801427  0.000042  0.154877  0.286266
0.865541  0.000023  0.166720  0.271966
0.929655  0.000023  0.176451  0.263328
0.993769  0.000026  0.167169  0.250633
1.057883  0.000027  0.173408  0.241428
1.121997  0.000028  0.170098  0.233025
1.186112  0.000029  0.167504  0.224885
1.250226  0.000029  0.173723  0.218327
1.314340  0.000030  0.182710  0.205222
1.378454  0.000034  0.196302  0.182824
1.442568  0.000038  0.226217  0.152583
1.506682  0.000048  0.243773  0.127584
1.570796  0.000054  0.250829  0.117750
1.634910  0.000048  0.243773  0.127584
1.699025  0.000038  0.226217  0.152583
1.763139  0.000034  0.196302  0.182824
1.827253  0.000030  0.182710  0.205222
1.891367  0.000029  0.173723  0.218327
1.955481  0.000029  0.167504  0.224885
2.019595  0.000028  0.170098  0.233025
2.083709  0.000027  0.173408  0.241428
2.147824  0.000026  0.167169  0.250633
2.211938  0.000023  0.176451  0.263328
2.276052  0.000023  0.166720  0.271966
2.340166  0.000042  0.154877  0.286266
2.404280  0.000019  0.145790  0.309761
2.468394  0.000016  0.152230  0.322270
2.532508  0.000013  0.157300  0.329444
2.596622  0.000012  0.149317  0.335721
2.660737  0.000012  0.135357  0.341398
2.724851  0.000010  0.135833  0.345198
2.788965  0.000008  0.140061  0.348110
2.853079  0.000006  0.146989  0.352623
2.917193  0.000004  0.151493  0.352267
2.981307  0.000003  0.154443  0.353778
3.045421  0.000001  0.165423  0.353618
3.109536  0.000000  0.180416  0.351125
3.173650  0.000000  nan  nan
