# 1:theta 2:M 3:vel 4:ye  
-0.032057  0.000000  nan  nan
0.032057  0.000001  0.173928  0.346640
0.096171  0.000002  0.175880  0.347383
0.160285  0.000003  0.169502  0.350043
0.224399  0.000004  0.174159  0.351305
0.288514  0.000006  0.176387  0.353362
0.352628  0.000009  0.173712  0.354661
0.416742  0.000011  0.172561  0.354422
0.480856  0.000014  0.166568  0.350117
0.544970  0.000015  0.165122  0.343348
0.609084  0.000018  0.158037  0.340020
0.673198  0.000021  0.151086  0.334287
0.737313  0.000023  0.144141  0.328410
0.801427  0.000054  0.140278  0.314677
0.865541  0.000031  0.144816  0.301583
0.929655  0.000030  0.154453  0.287909
0.993769  0.000030  0.160822  0.270855
1.057883  0.000032  0.161530  0.254722
1.121997  0.000032  0.158700  0.243636
1.186112  0.000033  0.154630  0.236766
1.250226  0.000036  0.148830  0.227911
1.314340  0.000037  0.153466  0.216773
1.378454  0.000037  0.164410  0.198106
1.442568  0.000046  0.171082  0.181802
1.506682  0.000062  0.176155  0.156294
1.570796  0.000074  0.176670  0.143690
1.634910  0.000062  0.176155  0.156294
1.699025  0.000046  0.171082  0.181802
1.763139  0.000037  0.164410  0.198106
1.827253  0.000037  0.153466  0.216773
1.891367  0.000036  0.148830  0.227911
1.955481  0.000033  0.154630  0.236766
2.019595  0.000032  0.158700  0.243636
2.083709  0.000032  0.161530  0.254722
2.147824  0.000030  0.160822  0.270855
2.211938  0.000030  0.154453  0.287909
2.276052  0.000031  0.144816  0.301583
2.340166  0.000054  0.140278  0.314677
2.404280  0.000023  0.144141  0.328410
2.468394  0.000021  0.151086  0.334287
2.532508  0.000018  0.158037  0.340020
2.596622  0.000015  0.165122  0.343348
2.660737  0.000014  0.166568  0.350117
2.724851  0.000011  0.172561  0.354422
2.788965  0.000009  0.173712  0.354661
2.853079  0.000006  0.176387  0.353362
2.917193  0.000004  0.174159  0.351305
2.981307  0.000003  0.169502  0.350043
3.045421  0.000002  0.175880  0.347383
3.109536  0.000001  0.173928  0.346640
3.173650  0.000000  nan  nan
