# 1:theta 2:M 3:vel 4:ye  
-0.032057  0.000000  nan  nan
0.032057  0.000001  0.190970  0.352538
0.096171  0.000002  0.180901  0.354854
0.160285  0.000003  0.176662  0.355002
0.224399  0.000005  0.169635  0.356619
0.288514  0.000007  0.167885  0.355257
0.352628  0.000010  0.160677  0.352842
0.416742  0.000012  0.154569  0.351038
0.480856  0.000014  0.156133  0.347200
0.544970  0.000015  0.160334  0.341816
0.609084  0.000016  0.164893  0.333374
0.673198  0.000017  0.168321  0.322443
0.737313  0.000019  0.165124  0.313695
0.801427  0.000041  0.161777  0.303154
0.865541  0.000021  0.162778  0.291218
0.929655  0.000022  0.159401  0.281540
0.993769  0.000024  0.156728  0.268875
1.057883  0.000025  0.160909  0.251234
1.121997  0.000026  0.173668  0.228876
1.186112  0.000026  0.186501  0.218915
1.250226  0.000028  0.191585  0.210996
1.314340  0.000032  0.201946  0.199245
1.378454  0.000034  0.217412  0.181885
1.442568  0.000040  0.229118  0.162433
1.506682  0.000048  0.237918  0.141918
1.570796  0.000053  0.238880  0.135459
1.634910  0.000048  0.237918  0.141918
1.699025  0.000040  0.229118  0.162433
1.763139  0.000034  0.217412  0.181885
1.827253  0.000032  0.201946  0.199245
1.891367  0.000028  0.191585  0.210996
1.955481  0.000026  0.186501  0.218915
2.019595  0.000026  0.173668  0.228876
2.083709  0.000025  0.160909  0.251234
2.147824  0.000024  0.156728  0.268875
2.211938  0.000022  0.159401  0.281540
2.276052  0.000021  0.162778  0.291218
2.340166  0.000041  0.161777  0.303154
2.404280  0.000019  0.165124  0.313695
2.468394  0.000017  0.168321  0.322443
2.532508  0.000016  0.164893  0.333374
2.596622  0.000015  0.160334  0.341816
2.660737  0.000014  0.156133  0.347200
2.724851  0.000012  0.154569  0.351038
2.788965  0.000010  0.160677  0.352842
2.853079  0.000007  0.167885  0.355257
2.917193  0.000005  0.169635  0.356619
2.981307  0.000003  0.176662  0.355002
3.045421  0.000002  0.180901  0.354854
3.109536  0.000001  0.190970  0.352538
3.173650  0.000000  nan  nan
