# 1:theta 2:M 3:vel 4:ye  
-0.032057  0.000000  nan  nan
0.032057  0.000001  0.195673  0.356319
0.096171  0.000002  0.187585  0.358763
0.160285  0.000004  0.176096  0.360844
0.224399  0.000005  0.172221  0.356312
0.288514  0.000007  0.164757  0.348462
0.352628  0.000009  0.163973  0.342773
0.416742  0.000012  0.160573  0.337995
0.480856  0.000017  0.155412  0.336246
0.544970  0.000021  0.155615  0.333524
0.609084  0.000025  0.156067  0.329882
0.673198  0.000026  0.160664  0.316989
0.737313  0.000027  0.169188  0.302907
0.801427  0.000069  0.176968  0.280942
0.865541  0.000044  0.200370  0.262965
0.929655  0.000056  0.210566  0.247595
0.993769  0.000080  0.204794  0.218493
1.057883  0.000100  0.195693  0.201403
1.121997  0.000127  0.176861  0.177572
1.186112  0.000131  0.167847  0.169085
1.250226  0.000118  0.158627  0.156629
1.314340  0.000109  0.146610  0.141846
1.378454  0.000085  0.177246  0.166364
1.442568  0.000095  0.197431  0.155166
1.506682  0.000113  0.217235  0.145787
1.570796  0.000125  0.221104  0.141294
1.634910  0.000113  0.217235  0.145787
1.699025  0.000095  0.197431  0.155166
1.763139  0.000085  0.177246  0.166364
1.827253  0.000109  0.146610  0.141846
1.891367  0.000118  0.158627  0.156629
1.955481  0.000131  0.167847  0.169085
2.019595  0.000127  0.176861  0.177572
2.083709  0.000100  0.195693  0.201403
2.147824  0.000080  0.204794  0.218493
2.211938  0.000056  0.210566  0.247595
2.276052  0.000044  0.200370  0.262965
2.340166  0.000069  0.176968  0.280942
2.404280  0.000027  0.169188  0.302907
2.468394  0.000026  0.160664  0.316989
2.532508  0.000025  0.156067  0.329882
2.596622  0.000021  0.155615  0.333524
2.660737  0.000017  0.155412  0.336246
2.724851  0.000012  0.160573  0.337995
2.788965  0.000009  0.163973  0.342773
2.853079  0.000007  0.164757  0.348462
2.917193  0.000005  0.172221  0.356312
2.981307  0.000004  0.176096  0.360844
3.045421  0.000002  0.187585  0.358763
3.109536  0.000001  0.195673  0.356319
3.173650  0.000000  nan  nan
