# 1:theta 2:M 3:vel 4:ye  
-0.032057  0.000000  nan  nan
0.032057  0.000001  0.190555  0.347161
0.096171  0.000002  0.182748  0.349155
0.160285  0.000003  0.173280  0.350927
0.224399  0.000005  0.175436  0.350426
0.288514  0.000007  0.181891  0.349341
0.352628  0.000010  0.181728  0.347619
0.416742  0.000014  0.169436  0.344748
0.480856  0.000019  0.162050  0.338246
0.544970  0.000025  0.157115  0.330212
0.609084  0.000033  0.153140  0.320480
0.673198  0.000038  0.150285  0.312731
0.737313  0.000045  0.142582  0.303202
0.801427  0.000101  0.136854  0.287680
0.865541  0.000054  0.131821  0.269824
0.929655  0.000063  0.127630  0.256684
0.993769  0.000072  0.135658  0.246240
1.057883  0.000095  0.128788  0.232328
1.121997  0.000107  0.128913  0.219670
1.186112  0.000107  0.130147  0.211101
1.250226  0.000102  0.133083  0.201348
1.314340  0.000094  0.141076  0.185672
1.378454  0.000089  0.148502  0.171581
1.442568  0.000087  0.155838  0.161179
1.506682  0.000094  0.158664  0.143385
1.570796  0.000101  0.155536  0.123885
1.634910  0.000094  0.158664  0.143385
1.699025  0.000087  0.155838  0.161179
1.763139  0.000089  0.148502  0.171581
1.827253  0.000094  0.141076  0.185672
1.891367  0.000102  0.133083  0.201348
1.955481  0.000107  0.130147  0.211101
2.019595  0.000107  0.128913  0.219670
2.083709  0.000095  0.128788  0.232328
2.147824  0.000072  0.135658  0.246240
2.211938  0.000063  0.127630  0.256684
2.276052  0.000054  0.131821  0.269824
2.340166  0.000101  0.136854  0.287680
2.404280  0.000045  0.142582  0.303202
2.468394  0.000038  0.150285  0.312731
2.532508  0.000033  0.153140  0.320480
2.596622  0.000025  0.157115  0.330212
2.660737  0.000019  0.162050  0.338246
2.724851  0.000014  0.169436  0.344748
2.788965  0.000010  0.181728  0.347619
2.853079  0.000007  0.181891  0.349341
2.917193  0.000005  0.175436  0.350426
2.981307  0.000003  0.173280  0.350927
3.045421  0.000002  0.182748  0.349155
3.109536  0.000001  0.190555  0.347161
3.173650  0.000000  nan  nan
