# 1:theta 2:M 3:vel 4:ye  
-0.032057  0.000000  nan  nan
0.032057  0.000000  0.168468  0.357252
0.096171  0.000001  0.161265  0.358923
0.160285  0.000003  0.162211  0.363485
0.224399  0.000004  0.160872  0.355417
0.288514  0.000005  0.170228  0.343566
0.352628  0.000007  0.166768  0.338460
0.416742  0.000009  0.169086  0.331057
0.480856  0.000011  0.168857  0.323418
0.544970  0.000014  0.160791  0.312842
0.609084  0.000017  0.158711  0.295803
0.673198  0.000020  0.161537  0.283057
0.737313  0.000025  0.160669  0.270223
0.801427  0.000061  0.167769  0.252592
0.865541  0.000037  0.165188  0.236952
0.929655  0.000044  0.165109  0.219828
0.993769  0.000052  0.169577  0.207006
1.057883  0.000059  0.172238  0.196353
1.121997  0.000063  0.171455  0.190639
1.186112  0.000063  0.166576  0.184374
1.250226  0.000067  0.153388  0.169324
1.314340  0.000076  0.128126  0.133542
1.378454  0.000182  0.121432  0.068051
1.442568  0.000495  0.133097  0.048506
1.506682  0.000882  0.141573  0.048095
1.570796  0.001055  0.143669  0.048219
1.634910  0.000882  0.141573  0.048095
1.699025  0.000495  0.133097  0.048506
1.763139  0.000182  0.121432  0.068051
1.827253  0.000076  0.128126  0.133542
1.891367  0.000067  0.153388  0.169324
1.955481  0.000063  0.166576  0.184374
2.019595  0.000063  0.171455  0.190639
2.083709  0.000059  0.172238  0.196353
2.147824  0.000052  0.169577  0.207006
2.211938  0.000044  0.165109  0.219828
2.276052  0.000037  0.165188  0.236952
2.340166  0.000061  0.167769  0.252592
2.404280  0.000025  0.160669  0.270223
2.468394  0.000020  0.161537  0.283057
2.532508  0.000017  0.158711  0.295803
2.596622  0.000014  0.160791  0.312842
2.660737  0.000011  0.168857  0.323418
2.724851  0.000009  0.169086  0.331057
2.788965  0.000007  0.166768  0.338460
2.853079  0.000005  0.170228  0.343566
2.917193  0.000004  0.160872  0.355417
2.981307  0.000003  0.162211  0.363485
3.045421  0.000001  0.161265  0.358923
3.109536  0.000000  0.168468  0.357252
3.173650  0.000000  nan  nan
