# 1:theta 2:M 3:vel 4:ye  
-0.032057  0.000000  nan  nan
0.032057  0.000001  0.194300  0.367507
0.096171  0.000002  0.187285  0.370323
0.160285  0.000004  0.186242  0.369361
0.224399  0.000006  0.172216  0.369233
0.288514  0.000009  0.164152  0.369975
0.352628  0.000012  0.162219  0.368064
0.416742  0.000014  0.153323  0.362485
0.480856  0.000017  0.142583  0.356889
0.544970  0.000022  0.128735  0.351277
0.609084  0.000025  0.125890  0.342746
0.673198  0.000026  0.126291  0.330385
0.737313  0.000023  0.134642  0.318487
0.801427  0.000041  0.149543  0.307421
0.865541  0.000022  0.149573  0.298606
0.929655  0.000020  0.166600  0.282691
0.993769  0.000024  0.169276  0.263551
1.057883  0.000028  0.172254  0.250811
1.121997  0.000031  0.172873  0.238360
1.186112  0.000034  0.175423  0.225560
1.250226  0.000037  0.178722  0.209179
1.314340  0.000039  0.185789  0.192456
1.378454  0.000039  0.201006  0.174892
1.442568  0.000045  0.205366  0.154479
1.506682  0.000049  0.212885  0.135067
1.570796  0.000055  0.211921  0.130008
1.634910  0.000049  0.212885  0.135067
1.699025  0.000045  0.205366  0.154479
1.763139  0.000039  0.201006  0.174892
1.827253  0.000039  0.185789  0.192456
1.891367  0.000037  0.178722  0.209179
1.955481  0.000034  0.175423  0.225560
2.019595  0.000031  0.172873  0.238360
2.083709  0.000028  0.172254  0.250811
2.147824  0.000024  0.169276  0.263551
2.211938  0.000020  0.166600  0.282691
2.276052  0.000022  0.149573  0.298606
2.340166  0.000041  0.149543  0.307421
2.404280  0.000023  0.134642  0.318487
2.468394  0.000026  0.126291  0.330385
2.532508  0.000025  0.125890  0.342746
2.596622  0.000022  0.128735  0.351277
2.660737  0.000017  0.142583  0.356889
2.724851  0.000014  0.153323  0.362485
2.788965  0.000012  0.162219  0.368064
2.853079  0.000009  0.164152  0.369975
2.917193  0.000006  0.172216  0.369233
2.981307  0.000004  0.186242  0.369361
3.045421  0.000002  0.187285  0.370323
3.109536  0.000001  0.194300  0.367507
3.173650  0.000000  nan  nan
