# 1:theta 2:M 3:vel 4:ye  
-0.032057  0.000000  nan  nan
0.032057  0.000000  0.176168  0.337941
0.096171  0.000001  0.177131  0.337929
0.160285  0.000002  0.181221  0.338612
0.224399  0.000004  0.177999  0.337579
0.288514  0.000005  0.170682  0.335855
0.352628  0.000007  0.162464  0.333403
0.416742  0.000009  0.157018  0.327126
0.480856  0.000011  0.150941  0.321139
0.544970  0.000012  0.146357  0.313453
0.609084  0.000013  0.153938  0.306093
0.673198  0.000014  0.156148  0.301461
0.737313  0.000015  0.162337  0.294446
0.801427  0.000033  0.179784  0.287302
0.865541  0.000021  0.192774  0.270851
0.929655  0.000026  0.197242  0.249407
0.993769  0.000035  0.192091  0.225457
1.057883  0.000045  0.176277  0.202253
1.121997  0.000050  0.161652  0.183589
1.186112  0.000047  0.162692  0.175646
1.250226  0.000046  0.159436  0.166600
1.314340  0.000040  0.164510  0.165872
1.378454  0.000038  0.177723  0.176788
1.442568  0.000043  0.193712  0.173005
1.506682  0.000064  0.193399  0.145933
1.570796  0.000082  0.190770  0.125102
1.634910  0.000064  0.193399  0.145933
1.699025  0.000043  0.193712  0.173005
1.763139  0.000038  0.177723  0.176788
1.827253  0.000040  0.164510  0.165872
1.891367  0.000046  0.159436  0.166600
1.955481  0.000047  0.162692  0.175646
2.019595  0.000050  0.161652  0.183589
2.083709  0.000045  0.176277  0.202253
2.147824  0.000035  0.192091  0.225457
2.211938  0.000026  0.197242  0.249407
2.276052  0.000021  0.192774  0.270851
2.340166  0.000033  0.179784  0.287302
2.404280  0.000015  0.162337  0.294446
2.468394  0.000014  0.156148  0.301461
2.532508  0.000013  0.153938  0.306093
2.596622  0.000012  0.146357  0.313453
2.660737  0.000011  0.150941  0.321139
2.724851  0.000009  0.157018  0.327126
2.788965  0.000007  0.162464  0.333403
2.853079  0.000005  0.170682  0.335855
2.917193  0.000004  0.177999  0.337579
2.981307  0.000002  0.181221  0.338612
3.045421  0.000001  0.177131  0.337929
3.109536  0.000000  0.176168  0.337941
3.173650  0.000000  nan  nan
