# 1:theta 2:M 3:vel 4:ye  
-0.032057  0.000000  nan  nan
0.032057  0.000001  0.161569  0.363080
0.096171  0.000002  0.161487  0.360377
0.160285  0.000003  0.164828  0.359706
0.224399  0.000004  0.168745  0.358910
0.288514  0.000005  0.169579  0.357205
0.352628  0.000007  0.172643  0.354609
0.416742  0.000009  0.174439  0.350646
0.480856  0.000011  0.165907  0.344341
0.544970  0.000014  0.160537  0.338363
0.609084  0.000018  0.151400  0.329341
0.673198  0.000020  0.151718  0.316065
0.737313  0.000021  0.161260  0.310040
0.801427  0.000050  0.170128  0.295958
0.865541  0.000030  0.179560  0.265265
0.929655  0.000036  0.178782  0.236724
0.993769  0.000043  0.179144  0.214106
1.057883  0.000047  0.184096  0.193445
1.121997  0.000056  0.172457  0.173929
1.186112  0.000063  0.160253  0.162658
1.250226  0.000067  0.149704  0.159332
1.314340  0.000065  0.148357  0.160440
1.378454  0.000059  0.153324  0.157793
1.442568  0.000060  0.160373  0.143048
1.506682  0.000081  0.171478  0.132265
1.570796  0.000114  0.171063  0.126987
1.634910  0.000081  0.171478  0.132265
1.699025  0.000060  0.160373  0.143048
1.763139  0.000059  0.153324  0.157793
1.827253  0.000065  0.148357  0.160440
1.891367  0.000067  0.149704  0.159332
1.955481  0.000063  0.160253  0.162658
2.019595  0.000056  0.172457  0.173929
2.083709  0.000047  0.184096  0.193445
2.147824  0.000043  0.179144  0.214106
2.211938  0.000036  0.178782  0.236724
2.276052  0.000030  0.179560  0.265265
2.340166  0.000050  0.170128  0.295958
2.404280  0.000021  0.161260  0.310040
2.468394  0.000020  0.151718  0.316065
2.532508  0.000018  0.151400  0.329341
2.596622  0.000014  0.160537  0.338363
2.660737  0.000011  0.165907  0.344341
2.724851  0.000009  0.174439  0.350646
2.788965  0.000007  0.172643  0.354609
2.853079  0.000005  0.169579  0.357205
2.917193  0.000004  0.168745  0.358910
2.981307  0.000003  0.164828  0.359706
3.045421  0.000002  0.161487  0.360377
3.109536  0.000001  0.161569  0.363080
3.173650  0.000000  nan  nan
