# 1:theta 2:M 3:vel 4:ye  
-0.032057  0.000000  nan  nan
0.032057  0.000001  0.119038  0.376014
0.096171  0.000002  0.131321  0.376742
0.160285  0.000003  0.130354  0.371658
0.224399  0.000004  0.138469  0.364440
0.288514  0.000005  0.144473  0.360333
0.352628  0.000007  0.149557  0.349692
0.416742  0.000008  0.157739  0.331418
0.480856  0.000009  0.157316  0.314389
0.544970  0.000010  0.161451  0.303540
0.609084  0.000012  0.160327  0.290002
0.673198  0.000014  0.158699  0.280637
0.737313  0.000017  0.155579  0.271003
0.801427  0.000042  0.155372  0.256945
0.865541  0.000024  0.156828  0.241152
0.929655  0.000026  0.161821  0.228199
0.993769  0.000029  0.165315  0.209939
1.057883  0.000033  0.165689  0.198267
1.121997  0.000036  0.170071  0.188727
1.186112  0.000039  0.169367  0.181666
1.250226  0.000042  0.165430  0.165758
1.314340  0.000063  0.140652  0.127258
1.378454  0.000190  0.122660  0.066116
1.442568  0.000500  0.127247  0.050834
1.506682  0.000848  0.133570  0.050253
1.570796  0.000995  0.135333  0.050603
1.634910  0.000848  0.133570  0.050253
1.699025  0.000500  0.127247  0.050834
1.763139  0.000190  0.122660  0.066116
1.827253  0.000063  0.140652  0.127258
1.891367  0.000042  0.165430  0.165758
1.955481  0.000039  0.169367  0.181666
2.019595  0.000036  0.170071  0.188727
2.083709  0.000033  0.165689  0.198267
2.147824  0.000029  0.165315  0.209939
2.211938  0.000026  0.161821  0.228199
2.276052  0.000024  0.156828  0.241152
2.340166  0.000042  0.155372  0.256945
2.404280  0.000017  0.155579  0.271003
2.468394  0.000014  0.158699  0.280637
2.532508  0.000012  0.160327  0.290002
2.596622  0.000010  0.161451  0.303540
2.660737  0.000009  0.157316  0.314389
2.724851  0.000008  0.157739  0.331418
2.788965  0.000007  0.149557  0.349692
2.853079  0.000005  0.144473  0.360333
2.917193  0.000004  0.138469  0.364440
2.981307  0.000003  0.130354  0.371658
3.045421  0.000002  0.131321  0.376742
3.109536  0.000001  0.119038  0.376014
3.173650  0.000000  nan  nan
