# 1:theta 2:M 3:vel 4:ye  
-0.032057  0.000000  nan  nan
0.032057  0.000001  0.206711  0.403020
0.096171  0.000003  0.205312  0.401257
0.160285  0.000006  0.189581  0.400410
0.224399  0.000009  0.172260  0.394937
0.288514  0.000012  0.171661  0.388941
0.352628  0.000014  0.170976  0.377371
0.416742  0.000018  0.169911  0.363739
0.480856  0.000023  0.163989  0.348358
0.544970  0.000027  0.161572  0.337174
0.609084  0.000032  0.157700  0.320314
0.673198  0.000038  0.155151  0.306404
0.737313  0.000044  0.148080  0.297106
0.801427  0.000110  0.147885  0.278833
0.865541  0.000065  0.149781  0.259925
0.929655  0.000074  0.154782  0.246736
0.993769  0.000084  0.162427  0.234481
1.057883  0.000090  0.168347  0.218590
1.121997  0.000096  0.173063  0.196579
1.186112  0.000093  0.167783  0.182567
1.250226  0.000091  0.160659  0.158346
1.314340  0.000108  0.153240  0.136353
1.378454  0.000149  0.165291  0.113104
1.442568  0.000211  0.172345  0.099656
1.506682  0.000277  0.175172  0.094633
1.570796  0.000310  0.175456  0.093581
1.634910  0.000277  0.175172  0.094633
1.699025  0.000211  0.172345  0.099656
1.763139  0.000149  0.165291  0.113104
1.827253  0.000108  0.153240  0.136353
1.891367  0.000091  0.160659  0.158346
1.955481  0.000093  0.167783  0.182567
2.019595  0.000096  0.173063  0.196579
2.083709  0.000090  0.168347  0.218590
2.147824  0.000084  0.162427  0.234481
2.211938  0.000074  0.154782  0.246736
2.276052  0.000065  0.149781  0.259925
2.340166  0.000110  0.147885  0.278833
2.404280  0.000044  0.148080  0.297106
2.468394  0.000038  0.155151  0.306404
2.532508  0.000032  0.157700  0.320314
2.596622  0.000027  0.161572  0.337174
2.660737  0.000023  0.163989  0.348358
2.724851  0.000018  0.169911  0.363739
2.788965  0.000014  0.170976  0.377371
2.853079  0.000012  0.171661  0.388941
2.917193  0.000009  0.172260  0.394937
2.981307  0.000006  0.189581  0.400410
3.045421  0.000003  0.205312  0.401257
3.109536  0.000001  0.206711  0.403020
3.173650  0.000000  nan  nan
