# 1:theta 2:M 3:vel 4:ye  
-0.032057  0.000000  nan  nan
0.032057  0.000001  0.167566  0.361291
0.096171  0.000003  0.164120  0.363797
0.160285  0.000004  0.165082  0.364086
0.224399  0.000007  0.158201  0.361760
0.288514  0.000009  0.159438  0.354334
0.352628  0.000012  0.156816  0.346101
0.416742  0.000014  0.158669  0.334377
0.480856  0.000016  0.158192  0.325260
0.544970  0.000017  0.164180  0.316988
0.609084  0.000019  0.168059  0.302485
0.673198  0.000023  0.169738  0.291337
0.737313  0.000027  0.171699  0.281247
0.801427  0.000070  0.175433  0.260138
0.865541  0.000048  0.177928  0.241585
0.929655  0.000060  0.178852  0.228112
0.993769  0.000066  0.183682  0.217258
1.057883  0.000072  0.186996  0.204267
1.121997  0.000078  0.181979  0.184358
1.186112  0.000080  0.178864  0.163380
1.250226  0.000091  0.175910  0.143561
1.314340  0.000102  0.171620  0.128173
1.378454  0.000121  0.173262  0.112337
1.442568  0.000141  0.174320  0.095632
1.506682  0.000198  0.175107  0.079224
1.570796  0.000227  0.177786  0.074331
1.634910  0.000198  0.175107  0.079224
1.699025  0.000141  0.174320  0.095632
1.763139  0.000121  0.173262  0.112337
1.827253  0.000102  0.171620  0.128173
1.891367  0.000091  0.175910  0.143561
1.955481  0.000080  0.178864  0.163380
2.019595  0.000078  0.181979  0.184358
2.083709  0.000072  0.186996  0.204267
2.147824  0.000066  0.183682  0.217258
2.211938  0.000060  0.178852  0.228112
2.276052  0.000048  0.177928  0.241585
2.340166  0.000070  0.175433  0.260138
2.404280  0.000027  0.171699  0.281247
2.468394  0.000023  0.169738  0.291337
2.532508  0.000019  0.168059  0.302485
2.596622  0.000017  0.164180  0.316988
2.660737  0.000016  0.158192  0.325260
2.724851  0.000014  0.158669  0.334377
2.788965  0.000012  0.156816  0.346101
2.853079  0.000009  0.159438  0.354334
2.917193  0.000007  0.158201  0.361760
2.981307  0.000004  0.165082  0.364086
3.045421  0.000003  0.164120  0.363797
3.109536  0.000001  0.167566  0.361291
3.173650  0.000000  nan  nan
