# 1:theta 2:M 3:vel 4:ye  
-0.032057  0.000000  nan  nan
0.032057  0.000001  0.200051  0.407891
0.096171  0.000004  0.194581  0.408009
0.160285  0.000008  0.181138  0.408591
0.224399  0.000012  0.170402  0.405157
0.288514  0.000017  0.161257  0.398903
0.352628  0.000021  0.166963  0.393126
0.416742  0.000026  0.161122  0.380083
0.480856  0.000029  0.163234  0.369318
0.544970  0.000031  0.158583  0.353632
0.609084  0.000035  0.154812  0.340243
0.673198  0.000042  0.149903  0.327378
0.737313  0.000046  0.154169  0.312723
0.801427  0.000107  0.157842  0.290754
0.865541  0.000060  0.176378  0.270065
0.929655  0.000074  0.175019  0.256554
0.993769  0.000087  0.177707  0.238474
1.057883  0.000108  0.182479  0.221316
1.121997  0.000119  0.177802  0.205653
1.186112  0.000112  0.172178  0.191057
1.250226  0.000101  0.162827  0.175431
1.314340  0.000094  0.158001  0.170917
1.378454  0.000113  0.154791  0.149754
1.442568  0.000147  0.159651  0.132670
1.506682  0.000170  0.166817  0.121952
1.570796  0.000177  0.170611  0.119188
1.634910  0.000170  0.166817  0.121952
1.699025  0.000147  0.159651  0.132670
1.763139  0.000113  0.154791  0.149754
1.827253  0.000094  0.158001  0.170917
1.891367  0.000101  0.162827  0.175431
1.955481  0.000112  0.172178  0.191057
2.019595  0.000119  0.177802  0.205653
2.083709  0.000108  0.182479  0.221316
2.147824  0.000087  0.177707  0.238474
2.211938  0.000074  0.175019  0.256554
2.276052  0.000060  0.176378  0.270065
2.340166  0.000107  0.157842  0.290754
2.404280  0.000046  0.154169  0.312723
2.468394  0.000042  0.149903  0.327378
2.532508  0.000035  0.154812  0.340243
2.596622  0.000031  0.158583  0.353632
2.660737  0.000029  0.163234  0.369318
2.724851  0.000026  0.161122  0.380083
2.788965  0.000021  0.166963  0.393126
2.853079  0.000017  0.161257  0.398903
2.917193  0.000012  0.170402  0.405157
2.981307  0.000008  0.181138  0.408591
3.045421  0.000004  0.194581  0.408009
3.109536  0.000001  0.200051  0.407891
3.173650  0.000000  nan  nan
