# 1:theta 2:M 3:vel 4:ye  
-0.032057  0.000000  nan  nan
0.032057  0.000000  0.197702  0.344652
0.096171  0.000001  0.194268  0.344465
0.160285  0.000003  0.185704  0.350285
0.224399  0.000005  0.168076  0.357684
0.288514  0.000008  0.158567  0.362395
0.352628  0.000011  0.153908  0.361719
0.416742  0.000013  0.154765  0.358064
0.480856  0.000016  0.155556  0.354681
0.544970  0.000019  0.152249  0.346865
0.609084  0.000022  0.151963  0.339281
0.673198  0.000025  0.150116  0.334762
0.737313  0.000028  0.148026  0.328749
0.801427  0.000059  0.142172  0.320626
0.865541  0.000030  0.143017  0.310045
0.929655  0.000030  0.150151  0.295793
0.993769  0.000033  0.150740  0.283052
1.057883  0.000035  0.148710  0.272043
1.121997  0.000038  0.138196  0.262195
1.186112  0.000036  0.133337  0.248988
1.250226  0.000038  0.127214  0.224281
1.314340  0.000046  0.130341  0.179901
1.378454  0.000067  0.151288  0.138444
1.442568  0.000095  0.171727  0.114676
1.506682  0.000119  0.179127  0.104116
1.570796  0.000132  0.178007  0.102904
1.634910  0.000119  0.179127  0.104116
1.699025  0.000095  0.171727  0.114676
1.763139  0.000067  0.151288  0.138444
1.827253  0.000046  0.130341  0.179901
1.891367  0.000038  0.127214  0.224281
1.955481  0.000036  0.133337  0.248988
2.019595  0.000038  0.138196  0.262195
2.083709  0.000035  0.148710  0.272043
2.147824  0.000033  0.150740  0.283052
2.211938  0.000030  0.150151  0.295793
2.276052  0.000030  0.143017  0.310045
2.340166  0.000059  0.142172  0.320626
2.404280  0.000028  0.148026  0.328749
2.468394  0.000025  0.150116  0.334762
2.532508  0.000022  0.151963  0.339281
2.596622  0.000019  0.152249  0.346865
2.660737  0.000016  0.155556  0.354681
2.724851  0.000013  0.154765  0.358064
2.788965  0.000011  0.153908  0.361719
2.853079  0.000008  0.158567  0.362395
2.917193  0.000005  0.168076  0.357684
2.981307  0.000003  0.185704  0.350285
3.045421  0.000001  0.194268  0.344465
3.109536  0.000000  0.197702  0.344652
3.173650  0.000000  nan  nan
