# 1:theta 2:M 3:vel 4:ye  
-0.032057  0.000000  nan  nan
0.032057  0.000001  0.204170  0.396995
0.096171  0.000003  0.204330  0.394617
0.160285  0.000006  0.191648  0.390739
0.224399  0.000009  0.183369  0.384498
0.288514  0.000012  0.179256  0.374341
0.352628  0.000016  0.170596  0.364369
0.416742  0.000021  0.159029  0.350512
0.480856  0.000025  0.150735  0.338716
0.544970  0.000030  0.141835  0.326032
0.609084  0.000033  0.138562  0.314841
0.673198  0.000036  0.142605  0.303722
0.737313  0.000038  0.150949  0.292306
0.801427  0.000095  0.171331  0.267891
0.865541  0.000063  0.190152  0.242987
0.929655  0.000072  0.198149  0.227485
0.993769  0.000082  0.200500  0.210803
1.057883  0.000090  0.198499  0.193958
1.121997  0.000094  0.197423  0.185096
1.186112  0.000097  0.195443  0.169549
1.250226  0.000109  0.194313  0.153575
1.314340  0.000130  0.174520  0.139382
1.378454  0.000139  0.171964  0.116381
1.442568  0.000177  0.165626  0.098419
1.506682  0.000234  0.162406  0.087339
1.570796  0.000263  0.162048  0.084760
1.634910  0.000234  0.162406  0.087339
1.699025  0.000177  0.165626  0.098419
1.763139  0.000139  0.171964  0.116381
1.827253  0.000130  0.174520  0.139382
1.891367  0.000109  0.194313  0.153575
1.955481  0.000097  0.195443  0.169549
2.019595  0.000094  0.197423  0.185096
2.083709  0.000090  0.198499  0.193958
2.147824  0.000082  0.200500  0.210803
2.211938  0.000072  0.198149  0.227485
2.276052  0.000063  0.190152  0.242987
2.340166  0.000095  0.171331  0.267891
2.404280  0.000038  0.150949  0.292306
2.468394  0.000036  0.142605  0.303722
2.532508  0.000033  0.138562  0.314841
2.596622  0.000030  0.141835  0.326032
2.660737  0.000025  0.150735  0.338716
2.724851  0.000021  0.159029  0.350512
2.788965  0.000016  0.170596  0.364369
2.853079  0.000012  0.179256  0.374341
2.917193  0.000009  0.183369  0.384498
2.981307  0.000006  0.191648  0.390739
3.045421  0.000003  0.204330  0.394617
3.109536  0.000001  0.204170  0.396995
3.173650  0.000000  nan  nan
