# 1:theta 2:M 3:vel 4:ye  
-0.032057  0.000000  nan  nan
0.032057  0.000000  0.219688  0.342832
0.096171  0.000001  0.207465  0.342537
0.160285  0.000003  0.206392  0.342883
0.224399  0.000004  0.201333  0.343828
0.288514  0.000006  0.193793  0.345104
0.352628  0.000009  0.180549  0.345755
0.416742  0.000011  0.172916  0.342457
0.480856  0.000013  0.165359  0.339917
0.544970  0.000014  0.163381  0.333898
0.609084  0.000016  0.158319  0.326070
0.673198  0.000017  0.156080  0.318198
0.737313  0.000018  0.154792  0.311483
0.801427  0.000042  0.150806  0.300401
0.865541  0.000024  0.150018  0.293155
0.929655  0.000024  0.151219  0.287950
0.993769  0.000024  0.157688  0.277716
1.057883  0.000023  0.160948  0.271581
1.121997  0.000023  0.157842  0.256233
1.186112  0.000023  0.153724  0.236089
1.250226  0.000020  0.148422  0.216348
1.314340  0.000022  0.132980  0.193482
1.378454  0.000030  0.138518  0.145159
1.442568  0.000048  0.151896  0.107639
1.506682  0.000064  0.160909  0.089964
1.570796  0.000072  0.160725  0.086872
1.634910  0.000064  0.160909  0.089964
1.699025  0.000048  0.151896  0.107639
1.763139  0.000030  0.138518  0.145159
1.827253  0.000022  0.132980  0.193482
1.891367  0.000020  0.148422  0.216348
1.955481  0.000023  0.153724  0.236089
2.019595  0.000023  0.157842  0.256233
2.083709  0.000023  0.160948  0.271581
2.147824  0.000024  0.157688  0.277716
2.211938  0.000024  0.151219  0.287950
2.276052  0.000024  0.150018  0.293155
2.340166  0.000042  0.150806  0.300401
2.404280  0.000018  0.154792  0.311483
2.468394  0.000017  0.156080  0.318198
2.532508  0.000016  0.158319  0.326070
2.596622  0.000014  0.163381  0.333898
2.660737  0.000013  0.165359  0.339917
2.724851  0.000011  0.172916  0.342457
2.788965  0.000009  0.180549  0.345755
2.853079  0.000006  0.193793  0.345104
2.917193  0.000004  0.201333  0.343828
2.981307  0.000003  0.206392  0.342883
3.045421  0.000001  0.207465  0.342537
3.109536  0.000000  0.219688  0.342832
3.173650  0.000000  nan  nan
