# 1:theta 2:M 3:vel 4:ye  
-0.032057  0.000000  nan  nan
0.032057  0.000001  0.218883  0.390533
0.096171  0.000002  0.208975  0.391015
0.160285  0.000004  0.198907  0.390707
0.224399  0.000007  0.180334  0.389580
0.288514  0.000010  0.170170  0.385570
0.352628  0.000013  0.167585  0.380592
0.416742  0.000014  0.168965  0.369694
0.480856  0.000016  0.175074  0.358725
0.544970  0.000019  0.168326  0.347841
0.609084  0.000023  0.162861  0.339657
0.673198  0.000027  0.151907  0.333659
0.737313  0.000030  0.147712  0.330178
0.801427  0.000068  0.142397  0.316842
0.865541  0.000038  0.139020  0.306315
0.929655  0.000038  0.137359  0.301470
0.993769  0.000038  0.134210  0.292243
1.057883  0.000040  0.132549  0.277962
1.121997  0.000039  0.132368  0.263869
1.186112  0.000039  0.130504  0.246803
1.250226  0.000047  0.127623  0.211481
1.314340  0.000057  0.153923  0.157964
1.378454  0.000080  0.188987  0.118950
1.442568  0.000118  0.197892  0.109774
1.506682  0.000155  0.196088  0.108377
1.570796  0.000167  0.197147  0.106490
1.634910  0.000155  0.196088  0.108377
1.699025  0.000118  0.197892  0.109774
1.763139  0.000080  0.188987  0.118950
1.827253  0.000057  0.153923  0.157964
1.891367  0.000047  0.127623  0.211481
1.955481  0.000039  0.130504  0.246803
2.019595  0.000039  0.132368  0.263869
2.083709  0.000040  0.132549  0.277962
2.147824  0.000038  0.134210  0.292243
2.211938  0.000038  0.137359  0.301470
2.276052  0.000038  0.139020  0.306315
2.340166  0.000068  0.142397  0.316842
2.404280  0.000030  0.147712  0.330178
2.468394  0.000027  0.151907  0.333659
2.532508  0.000023  0.162861  0.339657
2.596622  0.000019  0.168326  0.347841
2.660737  0.000016  0.175074  0.358725
2.724851  0.000014  0.168965  0.369694
2.788965  0.000013  0.167585  0.380592
2.853079  0.000010  0.170170  0.385570
2.917193  0.000007  0.180334  0.389580
2.981307  0.000004  0.198907  0.390707
3.045421  0.000002  0.208975  0.391015
3.109536  0.000001  0.218883  0.390533
3.173650  0.000000  nan  nan
