# 1:theta 2:M 3:vel 4:ye  
-0.032057  0.000000  nan  nan
0.032057  0.000000  0.192739  0.365643
0.096171  0.000002  0.187892  0.368091
0.160285  0.000003  0.189070  0.367747
0.224399  0.000004  0.184868  0.367904
0.288514  0.000006  0.170035  0.368170
0.352628  0.000008  0.167166  0.364006
0.416742  0.000010  0.170447  0.360277
0.480856  0.000013  0.168067  0.353512
0.544970  0.000015  0.171207  0.345594
0.609084  0.000017  0.171728  0.335570
0.673198  0.000020  0.175064  0.323866
0.737313  0.000024  0.176138  0.314253
0.801427  0.000056  0.197059  0.304850
0.865541  0.000033  0.208795  0.290208
0.929655  0.000037  0.210350  0.278153
0.993769  0.000040  0.207021  0.263381
1.057883  0.000043  0.202003  0.243944
1.121997  0.000046  0.197793  0.217741
1.186112  0.000051  0.193107  0.202124
1.250226  0.000061  0.192544  0.181669
1.314340  0.000081  0.191029  0.150159
1.378454  0.000117  0.191710  0.121172
1.442568  0.000173  0.189612  0.101634
1.506682  0.000221  0.187426  0.096337
1.570796  0.000234  0.187697  0.096186
1.634910  0.000221  0.187426  0.096337
1.699025  0.000173  0.189612  0.101634
1.763139  0.000117  0.191710  0.121172
1.827253  0.000081  0.191029  0.150159
1.891367  0.000061  0.192544  0.181669
1.955481  0.000051  0.193107  0.202124
2.019595  0.000046  0.197793  0.217741
2.083709  0.000043  0.202003  0.243944
2.147824  0.000040  0.207021  0.263381
2.211938  0.000037  0.210350  0.278153
2.276052  0.000033  0.208795  0.290208
2.340166  0.000056  0.197059  0.304850
2.404280  0.000024  0.176138  0.314253
2.468394  0.000020  0.175064  0.323866
2.532508  0.000017  0.171728  0.335570
2.596622  0.000015  0.171207  0.345594
2.660737  0.000013  0.168067  0.353512
2.724851  0.000010  0.170447  0.360277
2.788965  0.000008  0.167166  0.364006
2.853079  0.000006  0.170035  0.368170
2.917193  0.000004  0.184868  0.367904
2.981307  0.000003  0.189070  0.367747
3.045421  0.000002  0.187892  0.368091
3.109536  0.000000  0.192739  0.365643
3.173650  0.000000  nan  nan
