# 1:theta 2:M 3:vel 4:ye  
-0.032057  0.000000  nan  nan
0.032057  0.000001  0.206800  0.392228
0.096171  0.000002  0.207407  0.392236
0.160285  0.000004  0.191495  0.392994
0.224399  0.000007  0.181096  0.394251
0.288514  0.000010  0.177064  0.393483
0.352628  0.000014  0.168398  0.391925
0.416742  0.000018  0.160771  0.389750
0.480856  0.000021  0.156683  0.384593
0.544970  0.000024  0.154671  0.378545
0.609084  0.000026  0.148518  0.369783
0.673198  0.000025  0.151616  0.356760
0.737313  0.000025  0.156274  0.345855
0.801427  0.000052  0.154646  0.335163
0.865541  0.000028  0.146525  0.321855
0.929655  0.000028  0.142044  0.308147
0.993769  0.000029  0.135258  0.291192
1.057883  0.000030  0.138318  0.275465
1.121997  0.000028  0.136093  0.264710
1.186112  0.000028  0.126988  0.254464
1.250226  0.000030  0.129304  0.228769
1.314340  0.000034  0.144852  0.197639
1.378454  0.000044  0.167114  0.167472
1.442568  0.000058  0.183987  0.147550
1.506682  0.000074  0.188072  0.135793
1.570796  0.000084  0.188190  0.130683
1.634910  0.000074  0.188072  0.135793
1.699025  0.000058  0.183987  0.147550
1.763139  0.000044  0.167114  0.167472
1.827253  0.000034  0.144852  0.197639
1.891367  0.000030  0.129304  0.228769
1.955481  0.000028  0.126988  0.254464
2.019595  0.000028  0.136093  0.264710
2.083709  0.000030  0.138318  0.275465
2.147824  0.000029  0.135258  0.291192
2.211938  0.000028  0.142044  0.308147
2.276052  0.000028  0.146525  0.321855
2.340166  0.000052  0.154646  0.335163
2.404280  0.000025  0.156274  0.345855
2.468394  0.000025  0.151616  0.356760
2.532508  0.000026  0.148518  0.369783
2.596622  0.000024  0.154671  0.378545
2.660737  0.000021  0.156683  0.384593
2.724851  0.000018  0.160771  0.389750
2.788965  0.000014  0.168398  0.391925
2.853079  0.000010  0.177064  0.393483
2.917193  0.000007  0.181096  0.394251
2.981307  0.000004  0.191495  0.392994
3.045421  0.000002  0.207407  0.392236
3.109536  0.000001  0.206800  0.392228
3.173650  0.000000  nan  nan
