# 1:theta 2:M 3:vel 4:ye  
-0.032057  0.000000  nan  nan
0.032057  0.000001  0.217590  0.369350
0.096171  0.000002  0.208810  0.366929
0.160285  0.000003  0.205119  0.366948
0.224399  0.000004  0.195922  0.362983
0.288514  0.000006  0.188586  0.360410
0.352628  0.000009  0.181214  0.357111
0.416742  0.000012  0.170547  0.355289
0.480856  0.000016  0.164645  0.349235
0.544970  0.000019  0.162080  0.340921
0.609084  0.000022  0.162970  0.332961
0.673198  0.000024  0.162749  0.324946
0.737313  0.000026  0.158619  0.313468
0.801427  0.000067  0.155409  0.292448
0.865541  0.000040  0.155276  0.275621
0.929655  0.000044  0.154500  0.260843
0.993769  0.000053  0.159605  0.243796
1.057883  0.000064  0.166156  0.222966
1.121997  0.000067  0.171402  0.214166
1.186112  0.000066  0.169771  0.196696
1.250226  0.000047  0.184841  0.184485
1.314340  0.000039  0.177590  0.173646
1.378454  0.000048  0.166176  0.141689
1.442568  0.000091  0.161771  0.100036
1.506682  0.000122  0.165973  0.085259
1.570796  0.000136  0.169433  0.081938
1.634910  0.000122  0.165973  0.085259
1.699025  0.000091  0.161771  0.100036
1.763139  0.000048  0.166176  0.141689
1.827253  0.000039  0.177590  0.173646
1.891367  0.000047  0.184841  0.184485
1.955481  0.000066  0.169771  0.196696
2.019595  0.000067  0.171402  0.214166
2.083709  0.000064  0.166156  0.222966
2.147824  0.000053  0.159605  0.243796
2.211938  0.000044  0.154500  0.260843
2.276052  0.000040  0.155276  0.275621
2.340166  0.000067  0.155409  0.292448
2.404280  0.000026  0.158619  0.313468
2.468394  0.000024  0.162749  0.324946
2.532508  0.000022  0.162970  0.332961
2.596622  0.000019  0.162080  0.340921
2.660737  0.000016  0.164645  0.349235
2.724851  0.000012  0.170547  0.355289
2.788965  0.000009  0.181214  0.357111
2.853079  0.000006  0.188586  0.360410
2.917193  0.000004  0.195922  0.362983
2.981307  0.000003  0.205119  0.366948
3.045421  0.000002  0.208810  0.366929
3.109536  0.000001  0.217590  0.369350
3.173650  0.000000  nan  nan
