# 1:theta 2:M 3:vel 4:ye  
-0.032057  0.000000  nan  nan
0.032057  0.000000  0.220707  0.381649
0.096171  0.000001  0.211642  0.385055
0.160285  0.000003  0.202260  0.386334
0.224399  0.000004  0.184980  0.388144
0.288514  0.000007  0.174699  0.387863
0.352628  0.000009  0.170916  0.384406
0.416742  0.000012  0.165200  0.382765
0.480856  0.000015  0.159983  0.377485
0.544970  0.000018  0.157654  0.369987
0.609084  0.000020  0.161631  0.363195
0.673198  0.000022  0.163089  0.354222
0.737313  0.000025  0.158939  0.344070
0.801427  0.000054  0.156637  0.329137
0.865541  0.000028  0.150829  0.314494
0.929655  0.000028  0.149427  0.301707
0.993769  0.000030  0.147306  0.287573
1.057883  0.000033  0.142812  0.271207
1.121997  0.000036  0.138204  0.257883
1.186112  0.000040  0.130309  0.236844
1.250226  0.000040  0.128719  0.210891
1.314340  0.000045  0.134772  0.171039
1.378454  0.000069  0.156959  0.120455
1.442568  0.000108  0.171341  0.102143
1.506682  0.000136  0.184209  0.091756
1.570796  0.000146  0.188965  0.088552
1.634910  0.000136  0.184209  0.091756
1.699025  0.000108  0.171341  0.102143
1.763139  0.000069  0.156959  0.120455
1.827253  0.000045  0.134772  0.171039
1.891367  0.000040  0.128719  0.210891
1.955481  0.000040  0.130309  0.236844
2.019595  0.000036  0.138204  0.257883
2.083709  0.000033  0.142812  0.271207
2.147824  0.000030  0.147306  0.287573
2.211938  0.000028  0.149427  0.301707
2.276052  0.000028  0.150829  0.314494
2.340166  0.000054  0.156637  0.329137
2.404280  0.000025  0.158939  0.344070
2.468394  0.000022  0.163089  0.354222
2.532508  0.000020  0.161631  0.363195
2.596622  0.000018  0.157654  0.369987
2.660737  0.000015  0.159983  0.377485
2.724851  0.000012  0.165200  0.382765
2.788965  0.000009  0.170916  0.384406
2.853079  0.000007  0.174699  0.387863
2.917193  0.000004  0.184980  0.388144
2.981307  0.000003  0.202260  0.386334
3.045421  0.000001  0.211642  0.385055
3.109536  0.000000  0.220707  0.381649
3.173650  0.000000  nan  nan
