# 1:theta 2:M 3:vel 4:ye  
-0.032057  0.000000  nan  nan
0.032057  0.000000  0.310080  0.341748
0.096171  0.000001  0.301597  0.341406
0.160285  0.000002  0.297782  0.336300
0.224399  0.000003  0.286588  0.328504
0.288514  0.000005  0.278877  0.322657
0.352628  0.000007  0.271037  0.316602
0.416742  0.000009  0.259840  0.310679
0.480856  0.000012  0.251573  0.298452
0.544970  0.000017  0.240002  0.287843
0.609084  0.000021  0.233054  0.280151
0.673198  0.000026  0.231409  0.275457
0.737313  0.000031  0.228367  0.269099
0.801427  0.000089  0.221945  0.254716
0.865541  0.000065  0.222747  0.237774
0.929655  0.000081  0.229192  0.224744
0.993769  0.000100  0.225149  0.207312
1.057883  0.000119  0.223353  0.191463
1.121997  0.000136  0.221840  0.169972
1.186112  0.000159  0.217775  0.146889
1.250226  0.000172  0.221522  0.131799
1.314340  0.000202  0.227191  0.112937
1.378454  0.000224  0.234183  0.100843
1.442568  0.000192  0.241201  0.105080
1.506682  0.000165  0.244006  0.115034
1.570796  0.000154  0.249842  0.126867
1.634910  0.000165  0.244006  0.115034
1.699025  0.000192  0.241201  0.105080
1.763139  0.000224  0.234183  0.100843
1.827253  0.000202  0.227191  0.112937
1.891367  0.000172  0.221522  0.131799
1.955481  0.000159  0.217775  0.146889
2.019595  0.000136  0.221840  0.169972
2.083709  0.000119  0.223353  0.191463
2.147824  0.000100  0.225149  0.207312
2.211938  0.000081  0.229192  0.224744
2.276052  0.000065  0.222747  0.237774
2.340166  0.000089  0.221945  0.254716
2.404280  0.000031  0.228367  0.269099
2.468394  0.000026  0.231409  0.275457
2.532508  0.000021  0.233054  0.280151
2.596622  0.000017  0.240002  0.287843
2.660737  0.000012  0.251573  0.298452
2.724851  0.000009  0.259840  0.310679
2.788965  0.000007  0.271037  0.316602
2.853079  0.000005  0.278877  0.322657
2.917193  0.000003  0.286588  0.328504
2.981307  0.000002  0.297782  0.336300
3.045421  0.000001  0.301597  0.341406
3.109536  0.000000  0.310080  0.341748
3.173650  0.000000  nan  nan
