# 1:theta 2:M 3:vel 4:ye  
-0.032057  0.000000  nan  nan
0.032057  0.000001  0.246006  0.395707
0.096171  0.000002  0.233047  0.399557
0.160285  0.000004  0.215723  0.386735
0.224399  0.000007  0.201797  0.374712
0.288514  0.000010  0.204914  0.364193
0.352628  0.000013  0.213845  0.353068
0.416742  0.000017  0.218256  0.344316
0.480856  0.000020  0.221786  0.336052
0.544970  0.000024  0.221343  0.327087
0.609084  0.000027  0.218704  0.324089
0.673198  0.000032  0.206684  0.324115
0.737313  0.000036  0.193883  0.316343
0.801427  0.000091  0.187054  0.296878
0.865541  0.000055  0.195096  0.274367
0.929655  0.000069  0.209795  0.239419
0.993769  0.000100  0.230739  0.188500
1.057883  0.000135  0.237792  0.155573
1.121997  0.000147  0.245925  0.142974
1.186112  0.000160  0.243828  0.133491
1.250226  0.000182  0.236411  0.122637
1.314340  0.000206  0.228173  0.109787
1.378454  0.000247  0.225373  0.095249
1.442568  0.000231  0.225788  0.100262
1.506682  0.000242  0.230777  0.109532
1.570796  0.000237  0.230759  0.116556
1.634910  0.000242  0.230777  0.109532
1.699025  0.000231  0.225788  0.100262
1.763139  0.000247  0.225373  0.095249
1.827253  0.000206  0.228173  0.109787
1.891367  0.000182  0.236411  0.122637
1.955481  0.000160  0.243828  0.133491
2.019595  0.000147  0.245925  0.142974
2.083709  0.000135  0.237792  0.155573
2.147824  0.000100  0.230739  0.188500
2.211938  0.000069  0.209795  0.239419
2.276052  0.000055  0.195096  0.274367
2.340166  0.000091  0.187054  0.296878
2.404280  0.000036  0.193883  0.316343
2.468394  0.000032  0.206684  0.324115
2.532508  0.000027  0.218704  0.324089
2.596622  0.000024  0.221343  0.327087
2.660737  0.000020  0.221786  0.336052
2.724851  0.000017  0.218256  0.344316
2.788965  0.000013  0.213845  0.353068
2.853079  0.000010  0.204914  0.364193
2.917193  0.000007  0.201797  0.374712
2.981307  0.000004  0.215723  0.386735
3.045421  0.000002  0.233047  0.399557
3.109536  0.000001  0.246006  0.395707
3.173650  0.000000  nan  nan
