# 1:theta 2:M 3:vel 4:ye  
-0.032057  0.000000  nan  nan
0.032057  0.000001  0.323826  0.369450
0.096171  0.000003  0.304160  0.370007
0.160285  0.000006  0.290799  0.370608
0.224399  0.000010  0.278812  0.372004
0.288514  0.000015  0.269441  0.372744
0.352628  0.000022  0.256081  0.369676
0.416742  0.000031  0.237633  0.363519
0.480856  0.000040  0.221022  0.357208
0.544970  0.000047  0.219382  0.342440
0.609084  0.000056  0.207331  0.325981
0.673198  0.000066  0.197465  0.310871
0.737313  0.000073  0.197437  0.298015
0.801427  0.000165  0.186691  0.276141
0.865541  0.000091  0.194763  0.250128
0.929655  0.000101  0.200169  0.233346
0.993769  0.000121  0.197643  0.214725
1.057883  0.000144  0.189416  0.198433
1.121997  0.000155  0.190233  0.179359
1.186112  0.000173  0.187944  0.180739
1.250226  0.000189  0.182974  0.178280
1.314340  0.000180  0.178450  0.174038
1.378454  0.000160  0.164155  0.161600
1.442568  0.000144  0.155341  0.135672
1.506682  0.000157  0.147615  0.111413
1.570796  0.000195  0.152727  0.113890
1.634910  0.000157  0.147615  0.111413
1.699025  0.000144  0.155341  0.135672
1.763139  0.000160  0.164155  0.161600
1.827253  0.000180  0.178450  0.174038
1.891367  0.000189  0.182974  0.178280
1.955481  0.000173  0.187944  0.180739
2.019595  0.000155  0.190233  0.179359
2.083709  0.000144  0.189416  0.198433
2.147824  0.000121  0.197643  0.214725
2.211938  0.000101  0.200169  0.233346
2.276052  0.000091  0.194763  0.250128
2.340166  0.000165  0.186691  0.276141
2.404280  0.000073  0.197437  0.298015
2.468394  0.000066  0.197465  0.310871
2.532508  0.000056  0.207331  0.325981
2.596622  0.000047  0.219382  0.342440
2.660737  0.000040  0.221022  0.357208
2.724851  0.000031  0.237633  0.363519
2.788965  0.000022  0.256081  0.369676
2.853079  0.000015  0.269441  0.372744
2.917193  0.000010  0.278812  0.372004
2.981307  0.000006  0.290799  0.370608
3.045421  0.000003  0.304160  0.370007
3.109536  0.000001  0.323826  0.369450
3.173650  0.000000  nan  nan
