# 1:theta 2:M 3:vel 4:ye  
-0.032057  0.000000  nan  nan
0.032057  0.000001  0.273671  0.403868
0.096171  0.000005  0.275174  0.395884
0.160285  0.000008  0.276315  0.391227
0.224399  0.000011  0.270751  0.383431
0.288514  0.000014  0.235750  0.369765
0.352628  0.000017  0.227244  0.364518
0.416742  0.000020  0.215372  0.356061
0.480856  0.000025  0.201917  0.337277
0.544970  0.000026  0.209090  0.324768
0.609084  0.000028  0.212431  0.318524
0.673198  0.000032  0.203562  0.303726
0.737313  0.000037  0.207913  0.293261
0.801427  0.000106  0.208636  0.263401
0.865541  0.000076  0.217981  0.228245
0.929655  0.000088  0.233848  0.205837
0.993769  0.000102  0.252232  0.186766
1.057883  0.000129  0.256573  0.156552
1.121997  0.000133  0.262267  0.145609
1.186112  0.000141  0.265146  0.140711
1.250226  0.000155  0.258489  0.130825
1.314340  0.000172  0.253552  0.121946
1.378454  0.000206  0.250934  0.105488
1.442568  0.000213  0.250891  0.096930
1.506682  0.000195  0.245005  0.105138
1.570796  0.000175  0.243041  0.113955
1.634910  0.000195  0.245005  0.105138
1.699025  0.000213  0.250891  0.096930
1.763139  0.000206  0.250934  0.105488
1.827253  0.000172  0.253552  0.121946
1.891367  0.000155  0.258489  0.130825
1.955481  0.000141  0.265146  0.140711
2.019595  0.000133  0.262267  0.145609
2.083709  0.000129  0.256573  0.156552
2.147824  0.000102  0.252232  0.186766
2.211938  0.000088  0.233848  0.205837
2.276052  0.000076  0.217981  0.228245
2.340166  0.000106  0.208636  0.263401
2.404280  0.000037  0.207913  0.293261
2.468394  0.000032  0.203562  0.303726
2.532508  0.000028  0.212431  0.318524
2.596622  0.000026  0.209090  0.324768
2.660737  0.000025  0.201917  0.337277
2.724851  0.000020  0.215372  0.356061
2.788965  0.000017  0.227244  0.364518
2.853079  0.000014  0.235750  0.369765
2.917193  0.000011  0.270751  0.383431
2.981307  0.000008  0.276315  0.391227
3.045421  0.000005  0.275174  0.395884
3.109536  0.000001  0.273671  0.403868
3.173650  0.000000  nan  nan
