# 1:theta 2:M 3:vel 4:ye  
-0.032057  0.000000  nan  nan
0.032057  0.000002  0.219099  0.394754
0.096171  0.000005  0.210685  0.400136
0.160285  0.000008  0.209082  0.393331
0.224399  0.000013  0.202726  0.384162
0.288514  0.000017  0.194499  0.373166
0.352628  0.000023  0.185115  0.364604
0.416742  0.000029  0.176380  0.353774
0.480856  0.000032  0.174604  0.341704
0.544970  0.000034  0.177371  0.331218
0.609084  0.000039  0.178342  0.321814
0.673198  0.000042  0.182735  0.314557
0.737313  0.000046  0.187927  0.303164
0.801427  0.000112  0.192263  0.273588
0.865541  0.000070  0.197349  0.247577
0.929655  0.000076  0.211554  0.233145
0.993769  0.000082  0.222840  0.213281
1.057883  0.000098  0.228412  0.187983
1.121997  0.000118  0.229115  0.156104
1.186112  0.000120  0.234991  0.142577
1.250226  0.000127  0.239147  0.129882
1.314340  0.000141  0.245796  0.114521
1.378454  0.000183  0.243425  0.093632
1.442568  0.000163  0.233946  0.092688
1.506682  0.000118  0.219268  0.109474
1.570796  0.000110  0.213423  0.117277
1.634910  0.000118  0.219268  0.109474
1.699025  0.000163  0.233946  0.092688
1.763139  0.000183  0.243425  0.093632
1.827253  0.000141  0.245796  0.114521
1.891367  0.000127  0.239147  0.129882
1.955481  0.000120  0.234991  0.142577
2.019595  0.000118  0.229115  0.156104
2.083709  0.000098  0.228412  0.187983
2.147824  0.000082  0.222840  0.213281
2.211938  0.000076  0.211554  0.233145
2.276052  0.000070  0.197349  0.247577
2.340166  0.000112  0.192263  0.273588
2.404280  0.000046  0.187927  0.303164
2.468394  0.000042  0.182735  0.314557
2.532508  0.000039  0.178342  0.321814
2.596622  0.000034  0.177371  0.331218
2.660737  0.000032  0.174604  0.341704
2.724851  0.000029  0.176380  0.353774
2.788965  0.000023  0.185115  0.364604
2.853079  0.000017  0.194499  0.373166
2.917193  0.000013  0.202726  0.384162
2.981307  0.000008  0.209082  0.393331
3.045421  0.000005  0.210685  0.400136
3.109536  0.000002  0.219099  0.394754
3.173650  0.000000  nan  nan
