# 1:theta 2:M 3:vel 4:ye  
-0.032057  0.000000  nan  nan
0.032057  0.000000  0.486254  0.370681
0.096171  0.000001  0.467532  0.366539
0.160285  0.000001  0.457556  0.350609
0.224399  0.000003  0.430027  0.304484
0.288514  0.000004  0.408885  0.282895
0.352628  0.000006  0.381413  0.249894
0.416742  0.000008  0.354086  0.251389
0.480856  0.000009  0.337420  0.265608
0.544970  0.000012  0.324098  0.281869
0.609084  0.000015  0.304740  0.298932
0.673198  0.000020  0.291453  0.309806
0.737313  0.000028  0.279674  0.311807
0.801427  0.000088  0.267182  0.298460
0.865541  0.000066  0.259586  0.280397
0.929655  0.000079  0.242490  0.260848
0.993769  0.000080  0.224308  0.246883
1.057883  0.000075  0.207442  0.237463
1.121997  0.000069  0.198169  0.227266
1.186112  0.000060  0.191042  0.212773
1.250226  0.000054  0.181857  0.195555
1.314340  0.000051  0.177331  0.174556
1.378454  0.000055  0.194409  0.158836
1.442568  0.000066  0.273288  0.165396
1.506682  0.000084  0.381434  0.187023
1.570796  0.000112  0.465536  0.217578
1.634910  0.000084  0.381434  0.187023
1.699025  0.000066  0.273288  0.165396
1.763139  0.000055  0.194409  0.158836
1.827253  0.000051  0.177331  0.174556
1.891367  0.000054  0.181857  0.195555
1.955481  0.000060  0.191042  0.212773
2.019595  0.000069  0.198169  0.227266
2.083709  0.000075  0.207442  0.237463
2.147824  0.000080  0.224308  0.246883
2.211938  0.000079  0.242490  0.260848
2.276052  0.000066  0.259586  0.280397
2.340166  0.000088  0.267182  0.298460
2.404280  0.000028  0.279674  0.311807
2.468394  0.000020  0.291453  0.309806
2.532508  0.000015  0.304740  0.298932
2.596622  0.000012  0.324098  0.281869
2.660737  0.000009  0.337420  0.265608
2.724851  0.000008  0.354086  0.251389
2.788965  0.000006  0.381413  0.249894
2.853079  0.000004  0.408885  0.282895
2.917193  0.000003  0.430027  0.304484
2.981307  0.000001  0.457556  0.350609
3.045421  0.000001  0.467532  0.366539
3.109536  0.000000  0.486254  0.370681
3.173650  0.000000  nan  nan
