# 1:theta 2:M 3:vel 4:ye  
-0.032057  0.000000  nan  nan
0.032057  0.000000  0.377721  0.367362
0.096171  0.000001  0.376242  0.367367
0.160285  0.000002  0.366871  0.370403
0.224399  0.000003  0.361041  0.373434
0.288514  0.000005  0.356237  0.379437
0.352628  0.000007  0.353209  0.384102
0.416742  0.000009  0.349789  0.382659
0.480856  0.000013  0.342813  0.375202
0.544970  0.000018  0.327764  0.366202
0.609084  0.000026  0.307634  0.349093
0.673198  0.000037  0.286089  0.325072
0.737313  0.000052  0.268352  0.300432
0.801427  0.000164  0.250018  0.271983
0.865541  0.000109  0.232017  0.247399
0.929655  0.000127  0.217788  0.228879
0.993769  0.000134  0.202410  0.215047
1.057883  0.000132  0.193145  0.208823
1.121997  0.000117  0.184747  0.214924
1.186112  0.000103  0.176487  0.217147
1.250226  0.000093  0.175070  0.213255
1.314340  0.000085  0.174307  0.204001
1.378454  0.000083  0.173518  0.195615
1.442568  0.000082  0.183344  0.203563
1.506682  0.000092  0.188322  0.210912
1.570796  0.000106  0.189638  0.215728
1.634910  0.000092  0.188322  0.210912
1.699025  0.000082  0.183344  0.203563
1.763139  0.000083  0.173518  0.195615
1.827253  0.000085  0.174307  0.204001
1.891367  0.000093  0.175070  0.213255
1.955481  0.000103  0.176487  0.217147
2.019595  0.000117  0.184747  0.214924
2.083709  0.000132  0.193145  0.208823
2.147824  0.000134  0.202410  0.215047
2.211938  0.000127  0.217788  0.228879
2.276052  0.000109  0.232017  0.247399
2.340166  0.000164  0.250018  0.271983
2.404280  0.000052  0.268352  0.300432
2.468394  0.000037  0.286089  0.325072
2.532508  0.000026  0.307634  0.349093
2.596622  0.000018  0.327764  0.366202
2.660737  0.000013  0.342813  0.375202
2.724851  0.000009  0.349789  0.382659
2.788965  0.000007  0.353209  0.384102
2.853079  0.000005  0.356237  0.379437
2.917193  0.000003  0.361041  0.373434
2.981307  0.000002  0.366871  0.370403
3.045421  0.000001  0.376242  0.367367
3.109536  0.000000  0.377721  0.367362
3.173650  0.000000  nan  nan
