# 1:theta 2:M 3:vel 4:ye  
-0.032057  0.000000  nan  nan
0.032057  0.000001  0.312259  0.360383
0.096171  0.000003  0.307183  0.370300
0.160285  0.000007  0.290946  0.374372
0.224399  0.000012  0.278465  0.375578
0.288514  0.000019  0.264936  0.375393
0.352628  0.000027  0.243694  0.373081
0.416742  0.000038  0.223695  0.367050
0.480856  0.000049  0.205200  0.355980
0.544970  0.000060  0.195219  0.338183
0.609084  0.000070  0.195083  0.325597
0.673198  0.000081  0.197937  0.313253
0.737313  0.000094  0.203253  0.300937
0.801427  0.000277  0.197199  0.283715
0.865541  0.000180  0.192255  0.263518
0.929655  0.000216  0.195516  0.238083
0.993769  0.000237  0.200288  0.222278
1.057883  0.000242  0.199751  0.200546
1.121997  0.000251  0.187023  0.186021
1.186112  0.000244  0.177140  0.185518
1.250226  0.000219  0.174584  0.192413
1.314340  0.000239  0.166407  0.192522
1.378454  0.000237  0.155197  0.191546
1.442568  0.000210  0.148791  0.183626
1.506682  0.000181  0.145954  0.176230
1.570796  0.000182  0.148285  0.158883
1.634910  0.000181  0.145954  0.176230
1.699025  0.000210  0.148791  0.183626
1.763139  0.000237  0.155197  0.191546
1.827253  0.000239  0.166407  0.192522
1.891367  0.000219  0.174584  0.192413
1.955481  0.000244  0.177140  0.185518
2.019595  0.000251  0.187023  0.186021
2.083709  0.000242  0.199751  0.200546
2.147824  0.000237  0.200288  0.222278
2.211938  0.000216  0.195516  0.238083
2.276052  0.000180  0.192255  0.263518
2.340166  0.000277  0.197199  0.283715
2.404280  0.000094  0.203253  0.300937
2.468394  0.000081  0.197937  0.313253
2.532508  0.000070  0.195083  0.325597
2.596622  0.000060  0.195219  0.338183
2.660737  0.000049  0.205200  0.355980
2.724851  0.000038  0.223695  0.367050
2.788965  0.000027  0.243694  0.373081
2.853079  0.000019  0.264936  0.375393
2.917193  0.000012  0.278465  0.375578
2.981307  0.000007  0.290946  0.374372
3.045421  0.000003  0.307183  0.370300
3.109536  0.000001  0.312259  0.360383
3.173650  0.000000  nan  nan
