# 1:theta 2:M 3:vel 4:ye  
-0.032057  0.000000  nan  nan
0.032057  0.000002  0.218703  0.410284
0.096171  0.000005  0.219236  0.409906
0.160285  0.000009  0.214854  0.408374
0.224399  0.000014  0.206466  0.406133
0.288514  0.000020  0.195838  0.401639
0.352628  0.000028  0.181505  0.395797
0.416742  0.000035  0.176964  0.388636
0.480856  0.000041  0.176557  0.376891
0.544970  0.000046  0.174572  0.359809
0.609084  0.000049  0.178511  0.338519
0.673198  0.000057  0.175904  0.311333
0.737313  0.000066  0.178380  0.298114
0.801427  0.000170  0.190705  0.282261
0.865541  0.000102  0.192449  0.265072
0.929655  0.000108  0.199003  0.247358
0.993769  0.000113  0.221113  0.219298
1.057883  0.000120  0.238790  0.192017
1.121997  0.000134  0.234259  0.168985
1.186112  0.000137  0.220721  0.157597
1.250226  0.000145  0.214244  0.145965
1.314340  0.000148  0.213830  0.137582
1.378454  0.000183  0.205507  0.111207
1.442568  0.000182  0.223117  0.106562
1.506682  0.000161  0.227270  0.115718
1.570796  0.000151  0.220863  0.125014
1.634910  0.000161  0.227270  0.115718
1.699025  0.000182  0.223117  0.106562
1.763139  0.000183  0.205507  0.111207
1.827253  0.000148  0.213830  0.137582
1.891367  0.000145  0.214244  0.145965
1.955481  0.000137  0.220721  0.157597
2.019595  0.000134  0.234259  0.168985
2.083709  0.000120  0.238790  0.192017
2.147824  0.000113  0.221113  0.219298
2.211938  0.000108  0.199003  0.247358
2.276052  0.000102  0.192449  0.265072
2.340166  0.000170  0.190705  0.282261
2.404280  0.000066  0.178380  0.298114
2.468394  0.000057  0.175904  0.311333
2.532508  0.000049  0.178511  0.338519
2.596622  0.000046  0.174572  0.359809
2.660737  0.000041  0.176557  0.376891
2.724851  0.000035  0.176964  0.388636
2.788965  0.000028  0.181505  0.395797
2.853079  0.000020  0.195838  0.401639
2.917193  0.000014  0.206466  0.406133
2.981307  0.000009  0.214854  0.408374
3.045421  0.000005  0.219236  0.409906
3.109536  0.000002  0.218703  0.410284
3.173650  0.000000  nan  nan
