# 1:theta 2:M 3:vel 4:ye  
-0.032057  0.000000  nan  nan
0.032057  0.000002  0.223705  0.392813
0.096171  0.000006  0.193974  0.386553
0.160285  0.000010  0.178609  0.377759
0.224399  0.000015  0.176913  0.369640
0.288514  0.000022  0.171516  0.362666
0.352628  0.000027  0.173243  0.357864
0.416742  0.000032  0.179174  0.351761
0.480856  0.000036  0.188265  0.344284
0.544970  0.000045  0.184027  0.334189
0.609084  0.000052  0.179214  0.325468
0.673198  0.000061  0.179174  0.307564
0.737313  0.000071  0.184849  0.290949
0.801427  0.000175  0.206788  0.272353
0.865541  0.000111  0.225373  0.252866
0.929655  0.000144  0.236431  0.216098
0.993769  0.000184  0.247405  0.184964
1.057883  0.000232  0.250213  0.154401
1.121997  0.000254  0.256728  0.139278
1.186112  0.000287  0.263427  0.126106
1.250226  0.000321  0.278533  0.111583
1.314340  0.000326  0.263054  0.101039
1.378454  0.000270  0.272695  0.100519
1.442568  0.000233  0.263279  0.098302
1.506682  0.000194  0.255120  0.102660
1.570796  0.000188  0.245447  0.099093
1.634910  0.000194  0.255120  0.102660
1.699025  0.000233  0.263279  0.098302
1.763139  0.000270  0.272695  0.100519
1.827253  0.000326  0.263054  0.101039
1.891367  0.000321  0.278533  0.111583
1.955481  0.000287  0.263427  0.126106
2.019595  0.000254  0.256728  0.139278
2.083709  0.000232  0.250213  0.154401
2.147824  0.000184  0.247405  0.184964
2.211938  0.000144  0.236431  0.216098
2.276052  0.000111  0.225373  0.252866
2.340166  0.000175  0.206788  0.272353
2.404280  0.000071  0.184849  0.290949
2.468394  0.000061  0.179174  0.307564
2.532508  0.000052  0.179214  0.325468
2.596622  0.000045  0.184027  0.334189
2.660737  0.000036  0.188265  0.344284
2.724851  0.000032  0.179174  0.351761
2.788965  0.000027  0.173243  0.357864
2.853079  0.000022  0.171516  0.362666
2.917193  0.000015  0.176913  0.369640
2.981307  0.000010  0.178609  0.377759
3.045421  0.000006  0.193974  0.386553
3.109536  0.000002  0.223705  0.392813
3.173650  0.000000  nan  nan
