# 1:theta 2:M 3:vel 4:ye  
-0.032057  0.000000  nan  nan
0.032057  0.000001  0.755088  0.134209
0.096171  0.000003  0.756219  0.135319
0.160285  0.000006  0.749477  0.135253
0.224399  0.000009  0.736067  0.133032
0.288514  0.000012  0.720258  0.150785
0.352628  0.000015  0.711243  0.164549
0.416742  0.000019  0.705660  0.174154
0.480856  0.000023  0.685354  0.185605
0.544970  0.000029  0.666830  0.201434
0.609084  0.000035  0.646792  0.222465
0.673198  0.000041  0.612412  0.250169
0.737313  0.000047  0.554937  0.282029
0.801427  0.000111  0.460079  0.298601
0.865541  0.000066  0.380153  0.286171
0.929655  0.000077  0.337068  0.274525
0.993769  0.000086  0.310448  0.260380
1.057883  0.000091  0.281748  0.245447
1.121997  0.000086  0.259083  0.231475
1.186112  0.000081  0.234350  0.210633
1.250226  0.000079  0.216091  0.184491
1.314340  0.000076  0.212223  0.154918
1.378454  0.000080  0.213811  0.131235
1.442568  0.000088  0.213416  0.111507
1.506682  0.000094  0.220160  0.094442
1.570796  0.000100  0.222925  0.094420
1.634910  0.000094  0.220160  0.094442
1.699025  0.000088  0.213416  0.111507
1.763139  0.000080  0.213811  0.131235
1.827253  0.000076  0.212223  0.154918
1.891367  0.000079  0.216091  0.184491
1.955481  0.000081  0.234350  0.210633
2.019595  0.000086  0.259083  0.231475
2.083709  0.000091  0.281748  0.245447
2.147824  0.000086  0.310448  0.260380
2.211938  0.000077  0.337068  0.274525
2.276052  0.000066  0.380153  0.286171
2.340166  0.000111  0.460079  0.298601
2.404280  0.000047  0.554937  0.282029
2.468394  0.000041  0.612412  0.250169
2.532508  0.000035  0.646792  0.222465
2.596622  0.000029  0.666830  0.201434
2.660737  0.000023  0.685354  0.185605
2.724851  0.000019  0.705660  0.174154
2.788965  0.000015  0.711243  0.164549
2.853079  0.000012  0.720258  0.150785
2.917193  0.000009  0.736067  0.133032
2.981307  0.000006  0.749477  0.135253
3.045421  0.000003  0.756219  0.135319
3.109536  0.000001  0.755088  0.134209
3.173650  0.000000  nan  nan
