# 1:theta 2:M 3:vel 4:ye  
-0.032057  0.000000  nan  nan
0.032057  0.000001  0.265206  0.374593
0.096171  0.000004  0.260265  0.374962
0.160285  0.000007  0.246622  0.376576
0.224399  0.000012  0.223785  0.377101
0.288514  0.000017  0.216144  0.376347
0.352628  0.000024  0.201494  0.374194
0.416742  0.000031  0.200642  0.367573
0.480856  0.000035  0.215556  0.357969
0.544970  0.000040  0.219830  0.346138
0.609084  0.000044  0.217154  0.335483
0.673198  0.000054  0.224780  0.318181
0.737313  0.000073  0.237230  0.289482
0.801427  0.000236  0.250393  0.262500
0.865541  0.000154  0.247764  0.256502
0.929655  0.000169  0.245477  0.256370
0.993769  0.000173  0.237011  0.257935
1.057883  0.000167  0.221959  0.254667
1.121997  0.000152  0.209961  0.248405
1.186112  0.000143  0.198921  0.243340
1.250226  0.000138  0.191686  0.238247
1.314340  0.000132  0.186161  0.231051
1.378454  0.000122  0.183180  0.216662
1.442568  0.000112  0.180088  0.198514
1.506682  0.000117  0.183549  0.182479
1.570796  0.000132  0.194858  0.175224
1.634910  0.000117  0.183549  0.182479
1.699025  0.000112  0.180088  0.198514
1.763139  0.000122  0.183180  0.216662
1.827253  0.000132  0.186161  0.231051
1.891367  0.000138  0.191686  0.238247
1.955481  0.000143  0.198921  0.243340
2.019595  0.000152  0.209961  0.248405
2.083709  0.000167  0.221959  0.254667
2.147824  0.000173  0.237011  0.257935
2.211938  0.000169  0.245477  0.256370
2.276052  0.000154  0.247764  0.256502
2.340166  0.000236  0.250393  0.262500
2.404280  0.000073  0.237230  0.289482
2.468394  0.000054  0.224780  0.318181
2.532508  0.000044  0.217154  0.335483
2.596622  0.000040  0.219830  0.346138
2.660737  0.000035  0.215556  0.357969
2.724851  0.000031  0.200642  0.367573
2.788965  0.000024  0.201494  0.374194
2.853079  0.000017  0.216144  0.376347
2.917193  0.000012  0.223785  0.377101
2.981307  0.000007  0.246622  0.376576
3.045421  0.000004  0.260265  0.374962
3.109536  0.000001  0.265206  0.374593
3.173650  0.000000  nan  nan
