# 1:theta 2:M 3:vel 4:ye  
-0.032057  0.000000  nan  nan
0.032057  0.000001  0.207855  0.365271
0.096171  0.000003  0.214092  0.365498
0.160285  0.000005  0.201730  0.366779
0.224399  0.000007  0.207605  0.360052
0.288514  0.000010  0.191384  0.357443
0.352628  0.000012  0.196323  0.350505
0.416742  0.000016  0.198418  0.346275
0.480856  0.000020  0.196725  0.341313
0.544970  0.000027  0.194156  0.331154
0.609084  0.000033  0.204220  0.314635
0.673198  0.000040  0.212514  0.302935
0.737313  0.000046  0.218591  0.301562
0.801427  0.000114  0.208517  0.286436
0.865541  0.000065  0.205263  0.268819
0.929655  0.000073  0.222846  0.248615
0.993769  0.000104  0.240129  0.204558
1.057883  0.000155  0.253806  0.170224
1.121997  0.000217  0.264436  0.144927
1.186112  0.000244  0.259328  0.131585
1.250226  0.000254  0.254728  0.122513
1.314340  0.000308  0.256626  0.107908
1.378454  0.000282  0.240604  0.112189
1.442568  0.000244  0.219035  0.117472
1.506682  0.000224  0.224638  0.124188
1.570796  0.000236  0.224541  0.126964
1.634910  0.000224  0.224638  0.124188
1.699025  0.000244  0.219035  0.117472
1.763139  0.000282  0.240604  0.112189
1.827253  0.000308  0.256626  0.107908
1.891367  0.000254  0.254728  0.122513
1.955481  0.000244  0.259328  0.131585
2.019595  0.000217  0.264436  0.144927
2.083709  0.000155  0.253806  0.170224
2.147824  0.000104  0.240129  0.204558
2.211938  0.000073  0.222846  0.248615
2.276052  0.000065  0.205263  0.268819
2.340166  0.000114  0.208517  0.286436
2.404280  0.000046  0.218591  0.301562
2.468394  0.000040  0.212514  0.302935
2.532508  0.000033  0.204220  0.314635
2.596622  0.000027  0.194156  0.331154
2.660737  0.000020  0.196725  0.341313
2.724851  0.000016  0.198418  0.346275
2.788965  0.000012  0.196323  0.350505
2.853079  0.000010  0.191384  0.357443
2.917193  0.000007  0.207605  0.360052
2.981307  0.000005  0.201730  0.366779
3.045421  0.000003  0.214092  0.365498
3.109536  0.000001  0.207855  0.365271
3.173650  0.000000  nan  nan
